0 0 2 -0.02856394622340951695819256091805290868503 2.504822238940359392145454176514078414947e-05 0.0 0.0 0.0 0.0 0.0 0.0 -0.02856394622340951695819256091805290868503 2.504822238940359392145454176514078414947e-05 0.0 0.0 0.0 0.0 0.0 0.0 0.05803258173836791045227586467446634913817 2.503369384721375202488001675284308134132e-05
1 0 2 0.01244134965463175209964124940068944563574 2.495181843094075478227914292465744485268e-05 0.0 0.0 0.01135332545471993964321747334572869775035 1.203993226148716333178783617921125405604e-08 0.0 0.0 -0.005388847254212327123680414272408259258763 2.485558710796429346380912986586810193932e-05 0.0 0.0 0.01135332545471993964321747334572869775072 1.203993226148716333178783617921125405604e-08 0.0 0.0 -0.006646200883139004392615534947125177638115 2.48410985179363516054012241190610712075e-05
0 0 4 -0.01695117329894775061112769444819474256216 2.503916239815669184266485876049618429823e-05 0.0 0.0 0.0 0.0 0.0 0.0 -0.01695117329894775061112769444819474256216 2.503916239815669184266485876049618429823e-05 0.0 0.0 0.0 0.0 0.0 0.0 0.03464711637072110351730697326267526441624 2.502916671435201598079290525397929913742e-05
0 0 8 -0.007875695285912450683140067089838166921908 2.500293997853798088892681864385293819191e-05 0.0 0.0 0.0 0.0 0.0 0.0 -0.007875695285912450683140067089838166921908 2.500293997853798088892681864385293819191e-05 0.0 0.0 0.0 0.0 0.0 0.0 0.01628903650764361257108274077392046873406 2.501106402835239219141226405550869735817e-05
0 0 16 -0.002431182249707624133240877122561898052196 2.485833076297248773511078878512130238372e-05 0.0 0.0 0.0 0.0 0.0 0.0 -0.002431182249707624133240877122561898052196 2.485833076297248773511078878512130238372e-05 0.0 0.0 0.0 0.0 0.0 0.0 0.005191055972050758190800915417680888171765 2.493874674578618319167322164701756456245e-05
0 1 2 -0.005388847254212327123680414272408259258763 2.485558710796429346380912986586810193932e-05 0.0 0.0 0.0 0.0 0.0 0.0 0.01244134965463175209964124940068944563574 2.495181843094075478227914292465744485268e-05 0.01135332545471993964321747334572869774888 1.203993226148716333178783617921125405604e-08 0.0 0.0 0.01135332545471993964321747334572869774944 1.203993226148716333178783617921125405604e-08 -0.006646200883139004392615534947125177638138 2.484109851793635160540122411906107120176e-05
1 1 2 0.001512972306095776678844692122811914350579 2.4759713229916199696061799730659773532e-05 0.003865299907930919823035753511029339930771 9.596648642838505310950164950109326036031e-08 0.001169910919311313788430140565717533184184 1.200680174950423634386427332575881147894e-08 0.003865299907930919823035753511029339930783 9.596648642838505310950164950109326036031e-08 0.001512972306095776678844692122811914350579 2.4759713229916199696061799730659773532e-05 0.001169910919311313788430140565717533184184 1.200680174950423634386427332575881147894e-08 0.001169910919311313788430140565717533184184 1.200680174950423634386427332575881147894e-08 0.001169910919311313788430140565717533184184 1.200680174950423634386427332575881147894e-08 -0.002751778616755969535843707687997796108049 2.464929803904592614348972701078592539184e-05
0 0 3 -0.02151185163042180949960797432495327775507 2.504444717978213150525224891211815619618e-05 0.0 0.0 0.0 0.0 0.0 0.0 -0.02151185163042180949960797432495327775507 2.504444717978213150525224891211815619618e-05 0.0 0.0 0.0 0.0 0.0 0.0 0.04384183184391094515000162349880091206773 2.503180747080537807809131689196679829894e-05
1 0 3 0.008922184374336693085099719543753004344837 2.494805360184612811843384205807883519159e-05 0.0 0.0 0.009953539828241841678950663631438083827116 1.805892606027254870479512581770269892481e-08 0.0 0.0 -0.004882006432823775669747986352752096069265 2.485182746095062985446801101427285010827e-05 0.0 0.0 0.009953539828241841678950663631438083827483 1.805892606027254870479512581770269892481e-08 0.0 0.0 -0.00364390640137534708680878746532290472223 2.483922251124453278433407809303489698988e-05
0 1 3 -0.004882006432823775669747986352752096075143 2.485182746095062985446801101427285010827e-05 0.0 0.0 0.0 0.0 0.0 0.0 0.008922184374336693085099719543753004338959 2.494805360184612811843384205807883519159e-05 0.009953539828241841678950663631438083827116 1.805892606027254870479512581770269892481e-08 0.0 0.0 0.009953539828241841678950663631438083827483 1.805892606027254870479512581770269892481e-08 -0.003643906401375347086808787465322904722207 2.483922251124453278433407809303489698414e-05
1 1 3 0.001271074208705382766431949280976237787718 2.475596393012546405482482801102238801059e-05 0.003466907076653224620296879410369298771217 9.596131543852456437328038576409129897198e-08 0.001397369077236759186221872167576989455038 1.800923237321278296569185536423018774257e-08 0.003466907076653224620296879410369298771217 9.596131543852456437328038576409129897198e-08 0.001271074208705382766431949280976237787718 2.475596393012546405482482801102238801059e-05 0.001397369077236759186221872167576989455038 1.800923237321278296569185536423018774257e-08 0.001397369077236759186221872167576989455038 1.800923237321278296569185536423018774257e-08 0.001397369077236759186221872167576989455038 1.800923237321278296569185536423018774257e-08 -0.002270446590906921704488843755941825171549 2.464743236878568420603727693375617216125e-05
1 0 4 0.00666327445234447711688270439066869289897 2.494278335186338609021685264622177096147e-05 0.0 0.0 0.008772975895846138111864220509944378959546 2.407675315187899618147317090242267314606e-08 0.0 0.0 -0.004417942372655535377493457380619503329945 2.484656446551676476155059807195107369005e-05 0.0 0.0 0.008772975895846138111864220509944378959546 2.407675315187899618147317090242267314606e-08 0.0 0.0 -0.001860277016804234386579202331245725875151 2.483659627166509666754472346501867127164e-05
0 1 4 -0.00441794237265553537749345738061950331819 2.484656446551676476155059807195107369005e-05 0.0 0.0 0.0 0.0 0.0 0.0 0.006663274452344477116882704390668692910725 2.494278335186338609021685264622177096147e-05 0.008772975895846138111864220509944378959546 2.407675315187899618147317090242267314606e-08 0.0 0.0 0.008772975895846138111864220509944378959546 2.407675315187899618147317090242267314606e-08 -0.001860277016804234386579202331245725875151 2.483659627166509666754472346501867127451e-05
1 1 4 0.001055466542849792359476098044980100864695 2.475071541971137390125221572486748434989e-05 0.0031030384241485601303607853858082016893 9.59540764165529682479930082007383199736e-08 0.001528105974276295127579324759720127934851 2.401049878668029304246701351186849036629e-08 0.0031030384241485601303607853858082016893 9.59540764165529682479930082007383199736e-08 0.001055466542849792359476098044980100864695 2.475071541971137390125221572486748434989e-05 0.001528105974276295127579324759720127934851 2.401049878668029304246701351186849036629e-08 0.001528105974276295127579324759720127935035 2.401049878668029304246701351186849036629e-08 0.001528105974276295127579324759720127935035 2.401049878668029304246701351186849036629e-08 -0.001842421526065263935516510427106224179815 2.464482059948310880136474233321044097236e-05
0 0 5 -0.01370226165869006822574413455335444484651 2.503236855630337306022728545984155680089e-05 0.0 0.0 0.0 0.0 0.0 0.0 -0.01370226165869006822574413455335444484651 2.503236855630337306022728545984155680089e-05 0.0 0.0 0.0 0.0 0.0 0.0 0.02808632229892071062335775933389969836631 2.502577174835493480130026268538118339646e-05
1 0 5 0.005072952314853641599127130276452484068195 2.493600819167385436844671078902322290961e-05 0.0 0.0 0.00775566253947629713941958851748903427012 3.00930247858556569844903837488714826587e-08 0.0 0.0 -0.003994681962943721577706038444544064218126 2.48397986319795824699367511593796285429e-05 0.0 0.0 0.00775566253947629713941958851748903427012 3.00930247858556569844903837488714826587e-08 0.0 0.0 -0.0007050654816589104757775353299077764939385 2.483321996897008934826607926865198713186e-05
0 1 5 -0.003994681962943721577706038444544064224004 2.48397986319795824699367511593796285429e-05 0.0 0.0 0.0 0.0 0.0 0.0 0.005072952314853641599127130276452484062318 2.493600819167385436844671078902322290961e-05 0.00775566253947629713941958851748903427012 3.00930247858556569844903837488714826587e-08 0.0 0.0 0.00775566253947629713941958851748903427012 3.00930247858556569844903837488714826587e-08 -0.0007050654816589104757775353299077764939615 2.483321996897008934826607926865198712899e-05
1 1 5 0.0008648662036848852079415570576949076799232 2.474396820789860900105590951991567620787e-05 0.002772306216031880652364654512412411855047 9.594476972627347107703191203626529007807e-08 0.001593822670361860360324808676819711522345 3.001021307150249093013287019998303695432e-08 0.002772306216031880652364654512412411855047 9.594476972627347107703191203626529007807e-08 0.0008648662036848852079415570576949076799232 2.474396820789860900105590951991567620787e-05 0.001593822670361860360324808676819711522345 3.001021307150249093013287019998303695432e-08 0.001593822670361860360324808676819711522161 3.001021307150249093013287019998303695432e-08 0.001593822670361860360324808676819711522161 3.001021307150249093013287019998303695432e-08 -0.001465007746252224895409062008879074592075 2.464146290018295882703949739261713436363e-05
0 0 6 -0.01126407182857287727854065566435532900497 2.502406631212210264461380466051481860644e-05 0.0 0.0 0.0 0.0 0.0 0.0 -0.01126407182857287727854065566435532900497 2.502406631212210264461380466051481860644e-05 0.0 0.0 0.0 0.0 0.0 0.0 0.02315536894002465307527241459691592922615 2.502162279200555428957203139530697409053e-05
1 0 6 0.003898754735188840800076134409039729349121 2.492772877777008997422423873221971871562e-05 0.0 0.0 0.00686921460018272760221454727955162595646 3.610735234196906409442301164138952373786e-08 0.0 0.0 -0.003609997809260448979693777413344643872074 2.483153061636311529474657094506083250401e-05 0.0 0.0 0.006869214600182727602214547279551625956644 3.610735234196906409442301164138952373786e-08 0.0 0.0 7.231983802959109314478365497757949890008e-05 2.482909382141348029829951289407849313181e-05
0 1 6 -0.003609997809260448979693777413344643872074 2.483153061636311529474657094506083250401e-05 0.0 0.0 0.0 0.0 0.0 0.0 0.003898754735188840800076134409039729349121 2.492772877777008997422423873221971871562e-05 0.00686921460018272760221454727955162595646 3.610735234196906409442301164138952373786e-08 0.0 0.0 0.006869214600182727602214547279551625956644 3.610735234196906409442301164138952373786e-08 7.231983802959109314478365497757949890008e-05 2.482909382141348029829951289407849313755e-05
1 1 6 0.0006977192500187118987460817441979819630714 2.473572294930710977563367321970389030538e-05 0.002473028892634042324670101556396950350549 9.593339583539031013208656577875415798899e-08 0.001613722561124633040260073336971473170548 3.600798743926445635289888612811348942598e-08 0.002473028892634042324670101556396950350549 9.593339583539031013208656577875415798899e-08 0.0006977192500187118987460817441979819630714 2.473572294930710977563367321970389030538e-05 0.001613722561124633040260073336971473170548 3.600798743926445635289888612811348942598e-08 0.001613722561124633040260073336971473170364 3.600798743926445635289888612811348942598e-08 0.001613722561124633040260073336971473170364 3.600798743926445635289888612811348942598e-08 -0.001134983043459768225607062478059898951644 2.463735948820420567694256681005090886027e-05
0 0 7 -0.009373859330197339387668596780419668667249 2.501425646956326112649269335983904036205e-05 0.0 0.0 0.0 0.0 0.0 0.0 -0.009373859330197339387668596780419668667249 2.501425646956326112649269335983904036205e-05 0.0 0.0 0.0 0.0 0.0 0.0 0.01932727744614890088712290005477813218353 2.501672011316714280104158888038153853772e-05
1 0 7 0.003007338234536059264521710344725989219205 2.491794591238260825010435190358782240577e-05 0.0 0.0 0.00609202537716622174043269253782800427901 4.211934736273406734446651170481277848774e-08 0.0 0.0 -0.003261462099330405275257623228358045306733 2.482176122032530264040883631280044312971e-05 0.0 0.0 0.00609202537716622174043269253782800427901 4.211934736273406734446651170481277848774e-08 0.0 0.0 0.0006030337988905021710994387139686799509377 2.482421809571288395345562298769795473886e-05
0 1 7 -0.003261462099330405275257623228358045306733 2.482176122032530264040883631280044312971e-05 0.0 0.0 0.0 0.0 0.0 0.0 0.003007338234536059264521710344725989219205 2.491794591238260825010435190358782240577e-05 0.00609202537716622174043269253782800427901 4.211934736273406734446651170481277848774e-08 0.0 0.0 0.00609202537716622174043269253782800427901 4.211934736273406734446651170481277848774e-08 0.0006030337988905021710994387139686799509263 2.482421809571288395345562298769795473599e-05
1 1 7 0.0005522805891548802110798276669427715832868 2.472598044387896459955214057766092421732e-05 0.002203305442551440576926280751346733330038 9.591995531547672531437393031287185777321e-08 0.001600872855459831488177486214202801917666 4.200343426401458884730485333082137554699e-08 0.002203305442551440576926280751346733330038 9.591995531547672531437393031287185777321e-08 0.0005522805891548802110798276669427715832868 2.472598044387896459955214057766092421732e-05 0.001600872855459831488177486214202801917666 4.200343426401458884730485333082137554699e-08 0.001600872855459831488177486214202801917666 4.200343426401458884730485333082137554699e-08 0.001600872855459831488177486214202801917666 4.200343426401458884730485333082137554699e-08 -0.0008487570980437432733910331709517903095033 2.463251062912181885450579968059665837078e-05
1 0 8 0.002318813945538366800996226765813918308344 2.490666054339034482481880601874540062016e-05 0.0 0.0 0.005408267120128060446594994451900576527601 4.812862158592916519963546810375891827148e-08 0.0 0.0 -0.002946519341277599183397117371777121390683 2.481049139106849217862130208315993293011e-05 0.0 0.0 0.005408267120128060446594994451900576527601 4.812862158592916519963546810375891827148e-08 0.0 0.0 0.0009645733717839541001930170553596386226251 2.481859310702722300017791885456705653593e-05
0 1 8 -0.002946519341277599183397117371777121390683 2.481049139106849217862130208315993293011e-05 0.0 0.0 0.0 0.0 0.0 0.0 0.002318813945538366800996226765813918308344 2.490666054339034482481880601874540062016e-05 0.005408267120128060446594994451900576527601 4.812862158592916519963546810375891827148e-08 0.0 0.0 0.005408267120128060446594994451900576527601 4.812862158592916519963546810375891827148e-08 0.0009645733717839541001930170553596386226251 2.481859310702722300017791885456705653593e-05
1 1 8 0.0004266921852530765998508330042793116558487 2.471474163678906770797916252719436449429e-05 0.001961090099706495943783639242750702388069 9.59044488419358040248351856842606296486e-08 0.001564716561834991957590929983498409503155 4.799616611472299100544604155070029567372e-08 0.001961090099706495943783639242750702388069 9.59044488419358040248351856842606296486e-08 0.0004266921852530765998508330042793116558487 2.471474163678906770797916252719436449429e-05 0.001564716561834991957590929983498409503155 4.799616611472299100544604155070029567372e-08 0.001564716561834991957590929983498409503155 4.799616611472299100544604155070029567372e-08 0.001564716561834991957590929983498409503155 4.799616611472299100544604155070029567372e-08 -0.0006025268330606012234042507777154672012331 2.462691663674450754053106457259529658095e-05
0 0 9 -0.006669082055726047852776498939347375536876 2.49901179348121683236763856474874560553e-05 0.0 0.0 0.0 0.0 0.0 0.0 -0.006669082055726047852776498939347375536876 2.49901179348121683236763856474874560553e-05 0.0 0.0 0.0 0.0 0.0 0.0 0.01383873704796236969604594068678731042086 2.500465490269693224134350525915657632304e-05
1 0 9 0.0017811233149371695236722607340979442761 2.48938737642148633013650145674485990998e-05 0.0 0.0 0.004805552396577713586573846170697426098679 5.413478697709311613783334417241159809111e-08 0.0 0.0 -0.002662560249474326246137890096192152510914 2.479772222123369387183707126958690822639e-05 0.0 0.0 0.004805552396577713586573846170697426098863 5.413478697709311613783334417241159809111e-08 0.0 0.0 0.001206499761028219727102374720152154926589 2.481221921893033550541922732264189364133e-05
0 1 9 -0.002662560249474326246137890096192152510914 2.479772222123369387183707126958690822639e-05 0.0 0.0 0.0 0.0 0.0 0.0 0.0017811233149371695236722607340979442761 2.48938737642148633013650145674485990998e-05 0.004805552396577713586573846170697426098679 5.413478697709311613783334417241159809111e-08 0.0 0.0 0.004805552396577713586573846170697426098863 5.413478697709311613783334417241159809111e-08 0.001206499761028219727102374720152154926589 2.481221921893033550541922732264189364133e-05
1 1 9 0.0003190540988541496819923099927115642738312 2.470200761833955840833381445089479455984e-05 0.001744262183379758078335318207765271376341 9.588687719395421442974868750629188166791e-08 0.001512296835471656906861152632318678252303 5.398579578772115906088785462810474690219e-08 0.001744262183379758078335318207765271376341 9.588687719395421442974868750629188166791e-08 0.0003190540988541496819923099927115642738312 2.470200761833955840833381445089479455984e-05 0.001512296835471656906861152632318678252303 5.398579578772115906088785462810474690219e-08 0.001512296835471656906861152632318678252303 5.398579578772115906088785462810474690219e-08 0.001512296835471656906861152632318678252303 5.398579578772115906088785462810474690219e-08 -0.0003924173645084574629936420218983213220149 2.462057787308842022219173423550716711109e-05
0 0 10 -0.005685338201031207053066866749529294491653 2.497579157988425589566266099983038004691e-05 0.0 0.0 0.0 0.0 0.0 0.0 -0.005685338201031207053066866749529294491653 2.497579157988425589566266099983038004691e-05 0.0 0.0 0.0 0.0 0.0 0.0 0.01183828032343299764731372436818700679448 2.499749314992877721330306246666374400879e-05
1 0 10 0.001358281201805716804678616859002265339325 2.487958681369832134597713638198115654536e-05 0.0 0.0 0.004273722167965633324190584289384086787023 6.013745576199971450250851123230165286826e-08 0.0 0.0 -0.002406988197061576168511992375385195352789 2.478345494877859951603465885874041873864e-05 0.0 0.0 0.004273722167965633324190584289384086787206 6.013745576199971450250851123230165286826e-08 0.0 0.0 0.001362276957635319616561901297384160640656 2.480509684338052842077968251022516562884e-05
0 1 10 -0.002406988197061576168511992375385195352789 2.478345494877859951603465885874041873864e-05 0.0 0.0 0.0 0.0 0.0 0.0 0.001358281201805716804678616859002265339325 2.487958681369832134597713638198115654536e-05 0.004273722167965633324190584289384086787023 6.013745576199971450250851123230165286826e-08 0.0 0.0 0.004273722167965633324190584289384086787206 6.013745576199971450250851123230165286826e-08 0.001362276957635319616561901297384160640645 2.480509684338052842077968251022516562884e-05
1 1 10 0.0002274846527138585053729037006949349412313 2.468777962383805425113076604131375452066e-05 0.00155068742947501672173967823848889466648 9.58672412544488308755340181414396235791e-08 0.001448946712861722218861813105188794805704 5.997193633911987030413514164365239665885e-08 0.00155068742947501672173967823848889466648 9.58672412544488308755340181414396235791e-08 0.0002274846527138585053729037006949349412313 2.468777962383805425113076604131375452066e-05 0.001448946712861722218861813105188794805704 5.997193633911987030413514164365239665885e-08 0.001448946712861722218861813105188794805704 5.997193633911987030413514164365239665885e-08 0.001448946712861722218861813105188794805704 5.997193633911987030413514164365239665885e-08 -0.0002146011801990802790842022343636960495277 2.4613494748346804906720146157038108314e-05
0 0 11 -0.004875458681057779048911714985668179286653 2.49599623008466987609029737099673020176e-05 0.0 0.0 0.0 0.0 0.0 0.0 -0.004875458681057779048911714985668179286653 2.49599623008466987609029737099673020176e-05 0.0 0.0 0.0 0.0 0.0 0.0 0.01018905623595349840129927088847710527037 2.498957923233370746893851923954903595503e-05
1 0 11 0.001024337388837456480861415838439642064023 2.486380107596520980161021534310848758104e-05 0.0 0.0 0.003804175307642757849330312200229445969248 6.613624045910761797379075592065840925491e-08 0.0 0.0 -0.002177274128075234701232230240702317967957 2.476769095683938242206662030233329368848e-05 0.0 0.0 0.003804175307642757849330312200229445969248 6.613624045910761797379075592065840925491e-08 0.0 0.0 0.001455375357651241966099665120445592888757 2.479722644068608038059017214881129564814e-05
0 1 11 -0.002177274128075234701232230240702317967957 2.476769095683938242206662030233329368848e-05 0.0 0.0 0.0 0.0 0.0 0.0 0.001024337388837456480861415838439642064023 2.486380107596520980161021534310848758104e-05 0.003804175307642757849330312200229445969248 6.613624045910761797379075592065840925491e-08 0.0 0.0 0.003804175307642757849330312200229445969248 6.613624045910761797379075592065840925491e-08 0.001455375357651241966099665120445592888745 2.479722644068608038059017214881129564814e-05
1 1 11 0.0001501679800306441134897724009632723831363 2.467205903345969275764907108129845156678e-05 0.00137826875779072218971307416638606988626 9.584554201000625578311207944617672123912e-08 0.001378723223652035320436954091187407976082 6.595420111720215908878507311111653298251e-08 0.00137826875779072218971307416638606988626 9.584554201000625578311207944617672123912e-08 0.0001501679800306441134897724009632723831363 2.467205903345969275764907108129845156678e-05 0.001378723223652035320436954091187407976082 6.595420111720215908878507311111653298251e-08 0.001378723223652035320436954091187407976082 6.595420111720215908878507311111653298251e-08 0.001378723223652035320436954091187407976082 6.595420111720215908878507311111653298251e-08 -6.53920954151943800228655669902413232707e-05 2.460566772085563283080692365111242333217e-05
0 0 12 -0.00420332751903128089157577281324640516469 2.494263163023123253038790656523869177851e-05 0.0 0.0 0.0 0.0 0.0 0.0 -0.00420332751903128089157577281324640516469 2.494263163023123253038790656523869177851e-05 0.0 0.0 0.0 0.0 0.0 0.0 0.00881833871960291580843055450168992127715 2.49809136607165894648440498184756121319e-05
1 0 12 0.0007599966611551798098183681672552688798202 2.484651808026788139385272650361860063995e-05 0.0 0.0 0.003389478627298114417957082761580499078881 7.213075391198211640677057085103441063487e-08 0.0 0.0 -0.001970998577292346586996364588218269956374 2.475043177357629379858925712119097642403e-05 0.0 0.0 0.003389478627298114417957082761580499078881 7.213075391198211640677057085103441063487e-08 0.0 0.0 0.001502700849451756058669368815409585927306 2.478860851946669710199558853731875374931e-05
0 1 12 -0.001970998577292346586996364588218269956374 2.475043177357629379858925712119097642403e-05 0.0 0.0 0.0 0.0 0.0 0.0 0.0007599966611551798098183681672552688798202 2.484651808026788139385272650361860063995e-05 0.003389478627298114417957082761580499078881 7.213075391198211640677057085103441063487e-08 0.0 0.0 0.003389478627298114417957082761580499078881 7.213075391198211640677057085103441063487e-08 0.001502700849451756058669368815409585927317 2.478860851946669710199558853731875374644e-05
1 1 12 8.538883421832488232376762272589790440035e-05 2.465484737209299824288151286558300943117e-05 0.001224985823222666214340726054233917651912 9.582178055081524292838482470511778985717e-08 0.001304704925952572470131319079783395723433 7.193220379478827578793299908702861259583e-08 0.001224985823222666214340726054233917651912 9.582178055081524292838482470511778985717e-08 8.538883421832488232376762272589790440035e-05 2.465484737209299824288151286558300943117e-05 0.001304704925952572470131319079783395723433 7.193220379478827578793299908702861259583e-08 0.001304704925952572470131319079783395723433 7.193220379478827578793299908702861259583e-08 0.001304704925952572470131319079783395723433 7.193220379478827578793299908702861259583e-08 5.868622787865668321248203250784620858305e-05 2.459709729705518896395647666301331513913e-05
0 0 13 -0.003641662565150984033073353714973182004404 2.49238012458379107174519163009616161667e-05 0.0 0.0 0.0 0.0 0.0 0.0 -0.003641662565150984033073353714973182004404 2.49238012458379107174519163009616161667e-05 0.0 0.0 0.0 0.0 0.0 0.0 0.007671153235225635319552622210132396357421 2.497149699435863783377410232566366971021e-05
1 0 13 0.000550590583476692984780218396067724040001 2.482773950081588753939415841338620542245e-05 0.0 0.0 0.003023128516478259564018615548210040631553 7.812060932168573471165367310249439193828e-08 0.0 0.0 -0.001785881191377007900930095876953929792625 2.47316790720030743412107000791863688436e-05 0.0 0.0 0.003023128516478259564018615548210040631369 7.812060932168573471165367310249439193828e-08 0.0 0.0 0.001516657696169914299369149684935613561018 2.47792436366109230831176591106561498074e-05
0 1 13 -0.001785881191377007900930095876953929792625 2.47316790720030743412107000791863688436e-05 0.0 0.0 0.0 0.0 0.0 0.0 0.000550590583476692984780218396067724040001 2.482773950081588753939415841338620542245e-05 0.003023128516478259564018615548210040631553 7.812060932168573471165367310249439193828e-08 0.0 0.0 0.003023128516478259564018615548210040631369 7.812060932168573471165367310249439193828e-08 0.001516657696169914299369149684935613561018 2.477924363661092308311765911065614981026e-05
1 1 13 3.15556848716559286156538266412297020797e-05 2.463614630916959221097651825453768351718e-05 0.001088923768096902312849916409814965500192 9.579595807059202759115337242623622011893e-08 0.001229208923336660481409728521753048751919 7.790555840156952598273088991317745819302e-08 0.001088923768096902312849916409814965500192 9.579595807059202759115337242623622011893e-08 3.15556848716559286156538266412297020797e-05 2.463614630916959221097651825453768351718e-05 0.001229208923336660481409728521753048751919 7.790555840156952598273088991317745819302e-08 0.001229208923336660481409728521753048751919 7.790555840156952598273088991317745819302e-08 0.001229208923336660481409728521753048751919 7.790555840156952598273088991317745819302e-08 0.0001608551281194329626973322194584150280488 2.458778403144763299091727164952417711824e-05
0 0 14 -0.003169457440749723855363713434457904205303 2.490347297054794234894392053765482899787e-05 0.0 0.0 0.0 0.0 0.0 0.0 -0.003169457440749723855363713434457904205303 2.490347297054794234894392053765482899787e-05 0.0 0.0 0.0 0.0 0.0 0.0 0.006705144035264265640527186851307073966432 2.496132984097062364714403035898705904391e-05
1 0 14 0.0003847874189281693903667206953445647616283 2.480746715658914370706922165658922837715e-05 0.0 0.0 0.002699396343242863156321258419871540160355 8.410542027913456570057102684267762826969e-08 0.0 0.0 -0.00161979915865362144488086504872169217291 2.471143466980020147181364114798631358795e-05 0.0 0.0 0.002699396343242863156321258419871540160539 8.410542027913456570057102684267762826969e-08 0.0 0.0 0.001506460812859592562689923353991687133756 2.476913239722951368301704555655754498225e-05
0 1 14 -0.00161979915865362144488086504872169217291 2.471143466980020147181364114798631358795e-05 0.0 0.0 0.0 0.0 0.0 0.0 0.0003847874189281693903667206953445647616283 2.480746715658914370706922165658922837715e-05 0.002699396343242863156321258419871540160355 8.410542027913456570057102684267762826969e-08 0.0 0.0 0.002699396343242863156321258419871540160539 8.410542027913456570057102684267762826969e-08 0.001506460812859592562689923353991687133745 2.476913239722951368301704555655754497938e-05
1 1 14 -1.278620906102142834837048339131987366617e-05 2.461595765847776773682767156395393494841e-05 0.0009682922940256498059741980847036256508237 9.576807586649856963005285235188434805696e-08 0.001153955956524092653293332804015168750874 8.38738793564078904108949805798165804806e-08 0.0009682922940256498059741980847036256508237 9.576807586649856963005285235188434805696e-08 -1.278620906102142834837048339131987366617e-05 2.461595765847776773682767156395393494841e-05 0.001153955956524092653293332804015168750874 8.38738793564078904108949805798165804806e-08 0.001153955956524092653293332804015168750874 8.38738793564078904108949805798165804806e-08 0.001153955956524092653293332804015168750874 8.38738793564078904108949805798165804806e-08 0.0002440557616522145996929902927250717888269 2.457772852655053484479520338874016612453e-05
0 0 15 -0.002770293368653010168043406716138151968122 2.488164877212035216068992424750283318044e-05 0.0 0.0 0.0 0.0 0.0 0.0 -0.002770293368653010168043406716138151968122 2.488164877212035216068992424750283318044e-05 0.0 0.0 0.0 0.0 0.0 0.0 0.005887185034637038215855880429470611801871 2.49504128566420333430177224145475666802e-05
1 0 15 0.0002537302602291675853248305553077964616625 2.478570301113494571883619957281457676658e-05 0.0 0.0 0.002413220680827727536610923064607294876484 9.008480079741723239948978751018222755441e-08 0.0 0.0 -0.001470796430139413340141343984392790928529 2.468970052911199460876947238409381646185e-05 0.0 0.0 0.0024132206808277275366109230646072948763 9.008480079741723239948978751018222755441e-08 0.0 0.0 0.001479009652638294179328139684459077176274 2.475827545460477205438837876597354113019e-05
0 1 15 -0.001470796430139413340141343984392790928529 2.468970052911199460876947238409381646185e-05 0.0 0.0 0.0 0.0 0.0 0.0 0.0002537302602291675853248305553077964616625 2.478570301113494571883619957281457676658e-05 0.002413220680827727536610923064607294876484 9.008480079741723239948978751018222755441e-08 0.0 0.0 0.0024132206808277275366109230646072948763 9.008480079741723239948978751018222755441e-08 0.001479009652638294179328139684459077176274 2.475827545460477205438837876597354113019e-05
1 1 15 -4.894978919761830458519947683812770390845e-05 2.459428337795995018135365882437862886401e-05 0.0008614365425348452042932939305579618104148 9.573813533905371611579442131401395459014e-08 0.001080199312133169398520281307707201636171 8.983678149959832977206451575060186953905e-08 0.0008614365425348452042932939305579618104148 9.573813533905371611579442131401395459014e-08 -4.894978919761830458519947683812770390845e-05 2.459428337795995018135365882437862886401e-05 0.001080199312133169398520281307707201636171 8.983678149959832977206451575060186953905e-08 0.001080199312133169398520281307707201636171 8.983678149959832977206451575060186953905e-08 0.001080199312133169398520281307707201636171 8.983678149959832977206451575060186953905e-08 0.0003109399634300522614373144394247527548832 2.456693143284638924852329854712692786287e-05
1 0 16 0.0001504371810178409632917718161384286929531 2.476244917234886131258146094266771387482e-05 0.0 0.0 0.002160126042927034457756189390536680650989 9.605836534407338322055661430735996810752e-08 0.0 0.0 -0.001337085718836307116313061169339156041209 2.466647875632760278272025741016574838758e-05 0.0 0.0 0.002160126042927034457756189390536680650989 9.605836534407338322055661430735996810752e-08 0.0 0.0 0.001439492147973109560170121659642289970792 2.474667351013585578666956431059424227928e-05
0 1 16 -0.001337085718836307116313061169339156041209 2.466647875632760278272025741016574838758e-05 0.0 0.0 0.0 0.0 0.0 0.0 0.0001504371810178409632917718161384286929531 2.476244917234886131258146094266771387482e-05 0.002160126042927034457756189390536680650989 9.605836534407338322055661430735996810752e-08 0.0 0.0 0.002160126042927034457756189390536680650989 9.605836534407338322055661430735996810752e-08 0.001439492147973109560170121659642289970792 2.474667351013585578666956431059424227928e-05
1 1 16 -7.810730666982314733014622105605080593362e-05 2.457112556949406851910202290145069259768e-05 0.0007668413876448513441147318816000135200648 9.570613799203729072911752401490655730957e-08 0.001008826944979535514571028275954174810674 9.579388012509068237883274540700317507523e-08 0.0007668413876448513441147318816000135200648 9.570613799203729072911752401490655730957e-08 -7.810730666982314733014622105605080593362e-05 2.457112556949406851910202290145069259768e-05 0.001008826944979535514571028275954174810674 9.579388012509068237883274540700317507523e-08 0.001008826944979535514571028275954174810674 9.579388012509068237883274540700317507523e-08 0.001008826944979535514571028275954174810674 9.579388012509068237883274540700317507523e-08 0.0003638732597940097389766167023892822114794 2.455539344872811410796075837803771871465e-05
0 0 17 -0.002141748527359609385780429617322285430704 2.48335211999443998731700327775684894892e-05 0.0 0.0 0.0 0.0 0.0 0.0 -0.002141748527359609385780429617322285430704 2.48335211999443998731700327775684894892e-05 0.0 0.0 0.0 0.0 0.0 0.0 0.004595798237571820283161398801272086367814 2.492633226108129455821839754729781251904e-05
1 0 17 6.936957054751995737149273345001168401548e-05 2.473770789223952322013321082371970416651e-05 0.0 0.0 0.001936157030036987419597590503296708165414 1.020257288733286276098792558977126712298e-07 0.0 0.0 -0.001217045138920702688860354697173443524966 2.46417716018459008435218366009197913131e-05 0.0 0.0 0.001936157030036987419597590503296708165414 1.020257288733286276098792558977126712298e-07 0.0 0.0 0.001391814589471390166090970783993468749525 2.473432731328005850348772606791518045302e-05
0 1 17 -0.001217045138920702688860354697173443522027 2.46417716018459008435218366009197913131e-05 0.0 0.0 0.0 0.0 0.0 0.0 6.936957054751995737149273345001168695422e-05 2.473770789223952322013321082371970416651e-05 0.001936157030036987419597590503296708165414 1.020257288733286276098792558977126712298e-07 0.0 0.0 0.001936157030036987419597590503296708165414 1.020257288733286276098792558977126712298e-07 0.001391814589471390166090970783993468749525 2.473432731328005850348772606791518045302e-05
1 1 17 -0.0001012957958528533920102125608104674780273 2.454648647865886348486174059594388305529e-05 0.0006831306817201885272083862067208147612803 9.567208543238711770331679077789638451153e-08 0.0009404429148704243757762925921754415495337 1.017447910126680668565746193073963508988e-07 0.0006831306817201885272083862067208147612803 9.567208543238711770331679077789638451153e-08 -0.0001012957958528533920102125608104674780273 2.454648647865886348486174059594388305529e-05 0.0009404429148704243757762925921754415495337 1.017447910126680668565746193073963508988e-07 0.0009404429148704243757762925921754415495337 1.017447910126680668565746193073963508988e-07 0.0009404429148704243757762925921754415495337 1.017447910126680668565746193073963508988e-07 0.0004049465255419518837857380583472398170807 2.454311532044053798498878454008287361729e-05
0 0 18 -0.001893635430972827633585048325448632941528 2.480722248404712442383435689390830397314e-05 0.0 0.0 0.0 0.0 0.0 0.0 -0.001893635430972827633585048325448632941528 2.480722248404712442383435689390830397314e-05 0.0 0.0 0.0 0.0 0.0 0.0 0.004084521048140845867925670740897362698532 2.491317020340753560855913626487317091524e-05
1 0 18 6.11312368857179758140599997905563940777e-06 2.471148156667735194207353364146967270357e-05 0.0 0.0 0.001737821949359848361542413273165397545753 1.079865068582828243277467034923942570303e-07 0.0 0.0 -0.001109211100266849399435349599497189432645 2.46155814598243224315738716567202814996e-05 0.0 0.0 0.001737821949359848361542413273165397545753 1.079865068582828243277467034923942570303e-07 0.0 0.0 0.001338914716334491176299179096985721819357 2.472123766149007204405828683106095752783e-05
0 1 18 -0.001109211100266849399435349599497189438522 2.46155814598243224315738716567202814996e-05 0.0 0.0 0.0 0.0 0.0 0.0 6.113123688571797581405999979055633530299e-06 2.471148156667735194207353364146967270357e-05 0.001737821949359848361542413273165397545753 1.079865068582828243277467034923942570303e-07 0.0 0.0 0.001737821949359848361542413273165397545753 1.079865068582828243277467034923942570303e-07 0.001338914716334491176299179096985721819357 2.472123766149007204405828683106095752783e-05
1 1 18 -0.0001194254337045742875906630273079601014425 2.452036849448316067074106585200352653668e-05 0.0006090628302529903485952622910558210965208 9.563597937008898866396615396763258945695e-08 0.000875432424784470966355925397764910196711 1.076891304600787066314174376501681068823e-07 0.0006090628302529903485952622910558210965208 9.563597937008898866396615396763258945695e-08 -0.0001194254337045742875906630273079601014425 2.452036849448316067074106585200352653668e-05 0.000875432424784470966355925397764910196711 1.076891304600787066314174376501681068823e-07 0.000875432424784470966355925397764910196711 1.076891304600787066314174376501681068823e-07 0.000875432424784470966355925397764910196711 1.076891304600787066314174376501681068823e-07 0.0004359933302702996864177773814036277372167 2.453009784201788226351956203875638094639e-05
0 0 19 -0.001680064790767264443764821134157712707641 2.477943716019489642145694750617547239209e-05 0.0 0.0 0.0 0.0 0.0 0.0 -0.001680064790767264443764821134157712707641 2.477943716019489642145694750617547239209e-05 0.0 0.0 0.0 0.0 0.0 0.0 0.003643515994648636219643433919300808338572 2.489926142178003581042026832956376600143e-05
1 0 19 -4.286285155095281533261370045670546412125e-05 2.468377273512723832561747669196454314475e-05 0.0 0.0 0.001562042828873149288938328896197948655765 1.139403153230486393820979899951470116825e-07 0.0 0.0 -0.001012268782787680884746001995418824194012 2.458791086791165981086961604396456010481e-05 0.0 0.0 0.001562042828873149288938328896197948655765 1.139403153230486393820979899951470116825e-07 0.0 0.0 0.001282993775753647029889816087859672109058 2.470740540014723524326070783337828918839e-05
0 1 19 -0.001012268782787680884746001995418824191073 2.458791086791165981086961604396456010481e-05 0.0 0.0 0.0 0.0 0.0 0.0 -4.286285155095281533261370045670546118251e-05 2.468377273512723832561747669196454314475e-05 0.001562042828873149288938328896197948655765 1.139403153230486393820979899951470116825e-07 0.0 0.0 0.001562042828873149288938328896197948655765 1.139403153230486393820979899951470116825e-07 0.001282993775753647029889816087859672109046 2.470740540014723524326070783337828918839e-05
1 1 19 -0.0001332896032594115013239215717364668068348 2.449277414917913862641746307081632858284e-05 0.0005435238574361324710018341231499295878174 9.559782161805958129046608926664332878069e-08 0.0008140136725871729518417166834379258291373 1.136265153151180978033399522494782589295e-07 0.0005435238574361324710018341231499295878174 9.559782161805958129046608926664332878069e-08 -0.0001332896032594115013239215717364668068348 2.449277414917913862641746307081632858284e-05 0.0008140136725871729518417166834379258291373 1.136265153151180978033399522494782589295e-07 0.0008140136725871729518417166834379258291373 1.136265153151180978033399522494782589295e-07 0.0008140136725871729518417166834379258291373 1.136265153151180978033399522494782589295e-07 0.0004586106161505384232036795661051062832182 2.451634185521724400529809132010909097662e-05
