0 0 2 9 1.904603011058268 -0.2106411720947597011567702246607996733613 9.28427976444645427219244388514362186705e-06 0.0 0.0 0.0 0.0 0.0 0.0 -0.2106411720947597011567702246607996733613 9.28427976444645427219244388514362186705e-06 0.0 0.0 0.0 0.0 0.0 0.0 0.4221904851923371869825524003859344510313 9.283542786066436362909170666915142627866e-06
0 0 4 10 12.534425455151128 -0.1253709186678972808365198946852690286449 9.28382032688143058144194561258128596217e-06 0.0 0.0 0.0 0.0 0.0 0.0 -0.1253709186678972808365198946852690286449 9.28382032688143058144194561258128596217e-06 0.0 0.0 0.0 0.0 0.0 0.0 0.2514903742195464925997081763910066436256 9.283313087158503079254860922323352109378e-06
0 0 3 10 5.811088657000527 -0.1588844640282449548057846700377931416756 9.28408833064759258342310195051136069931e-06 0.0 0.0 0.0 0.0 0.0 0.0 -0.1588844640282449548057846700377931416756 9.28408833064759258342310195051136069931e-06 0.0 0.0 0.0 0.0 0.0 0.0 0.318590646988081473483460497455826816106 9.283447077694801767150406562091035613138e-06
1 0 6 12 470.11292435059863 0.02752735959189974585423673297540077339119 9.278156058852325247669470401244258619146e-06 0.0 0.0 0.0499965262254117887881185708129727956944 1.836828288431032262296479528092218293481e-09 0.0 0.0 -0.02701302760818443730826186991272418202076 9.273258463280699005829023409054403034517e-06 0.0 0.0 0.04999652622541178878811857081297279569587 1.836828288431032262296479528092218293481e-09 0.0 0.0 -0.0001458984028485958852197253753025711729991 9.273134150155451445335035217694800034951e-06
0 1 5 12 459.48799066497963 -0.02985102525595462045972646724012373517236 9.273679357225614294356843575772652057232e-06 0.0 0.0 0.0 0.0 0.0 0.0 0.03605505478706491144048668482740767587556 9.278577032148042270902926884950896424782e-06 0.05648458940401274806374802044389657719225 1.530715039899311625443825138277911954088e-09 0.0 0.0 0.05648458940401274806374802044389657719225 1.530715039899311625443825138277911954088e-09 -0.0058236001867484919157284454570152983639 9.273344542417663778190584717784864074832e-06
1 0 2 12 448.8082534456407 0.08973780970138656353707616651442092510741 9.27938073684896900862529978503324388006e-06 -1.836709923159824231201150839409758871592e-40 0.0 0.0828384212966964201378604677430403565181 6.123049541374532347306954217821293384478e-10 0.0 0.0 -0.04011589556357272507777106743840624435453 9.274482910435870288837439917482687108528e-06 0.0 0.0 0.0828384212966964201378604677430403565181 6.123049541374532347306954217821293384478e-10 0.0 0.0 -0.04920865501628273758150032469490274364354 9.273746209839031020908355759199324968429e-06
1 1 4 13 846.5936982265159 0.007084615036935509133244192665159465580295 9.269128571086388565223028976607070237445e-06 0.02248911406179096327471083167341716039062 4.895893574877828994760600655792364497176e-09 0.01110283432622411039649271557099316965584 1.224126647154026740748201001823294648383e-09 0.02248911406179096327471083167341716039062 4.895893574877828994760600655792364497176e-09 0.007084615036935509133244192665159465580295 9.269128571086388565223028976607070237445e-06 0.01110283432622411039649271557099316965584 1.224126647154026740748201001823294648383e-09 0.01110283432622411039649271557099316965584 1.224126647154026740748201001823294648383e-09 0.01110283432622411039649271557099316965584 1.224126647154026740748201001823294648383e-09 -0.0138912618294354578326759589894154720718 9.263725820135151285952258337762020084925e-06
1 0 4 12 452.41541892298966 0.04762243721129319701118183264022022468266 9.278921472454072777472586003765149540086e-06 0.0 0.0 0.06393369936313574943946881029625040288271 1.224588264531650365420966917209750643987e-09 0.0 0.0 -0.03297092601933606679297964863246468905062 9.274023732607517854861405921261489764016e-06 0.0 0.0 0.06393369936313574943946881029625040288418 1.224588264531650365420966917209750643987e-09 0.0 0.0 -0.01425934339963045295030122397102726722424 9.273516684076878987402246261285838414926e-06
1 0 3 12 448.8938271162181 0.06407521777443267661591804563927325946424 9.279189375204760995356843539343151573419e-06 0.0 0.0 0.07258156524114163644090706254464330899329 9.184506675092953766402172152698313428461e-10 0.0 0.0 -0.0363882006492925993887850214825818045716 9.274291584861200136563400136301224388088e-06 0.0 0.0 0.07258156524114163644090706254464330899035 9.184506675092953766402172152698313428461e-10 0.0 0.0 -0.02728372235579418638362730232478614462398 9.273650573611761176925197493432035389671e-06
0 1 6 12 470.11292435059863 -0.02701302760818443730826186991272418202076 9.273258463280699005829023409054403034517e-06 0.0 0.0 0.0 0.0 0.0 0.0 0.02752735959189974585423673297540077339119 9.278156058852325247669470401244258619146e-06 0.0499965262254117887881185708129727956944 1.836828288431032262296479528092218293481e-09 0.0 0.0 0.04999652622541178878811857081297279569587 1.836828288431032262296479528092218293481e-09 -0.0001458984028485958852197253753025711729991 9.273134150155451445335035217694800034951e-06
0 0 5 10 22.399155525322655 -0.1014731294858809015016877331948378692138 9.283475756700147521188137986128846509738e-06 0.0 0.0 0.0 0.0 0.0 0.0 -0.1014731294858809015016877331948378692138 9.283475756700147521188137986128846509738e-06 0.0 0.0 0.0 0.0 0.0 0.0 0.2036320329883026832049243578679801397324 9.283140815641513768550068040653229527899e-06
0 1 2 12 448.8082534456407 -0.04011589556357272507777106743840624435453 9.274482910435870288837439917482687108528e-06 0.0 0.0 0.0 0.0 0.0 0.0 0.08973780970138656353707616651442092510741 9.27938073684896900862529978503324388006e-06 0.08283842129669642013786046774304035651222 6.123049541374532347306954217821293384478e-10 0.0 0.0 0.08283842129669642013786046774304035651516 6.123049541374532347306954217821293384478e-10 -0.04920865501628273758150032469490274364372 9.273746209839031020908355759199324968429e-06
1 1 5 13 855.2992788011761 0.005706103454958666697689420108401819236766 9.268784325522624838046569868424775318537e-06 0.02007945207371730307423746355379612702024 4.895828669785966956338292678018191022585e-09 0.0115717059434514371965866110248774702863 1.530138024126267130210146615317420536828e-09 0.02007945207371730307423746355379612702024 4.895828669785966956338292678018191022585e-09 0.005706103454958666697689420108401819236766 9.268784325522624838046569868424775318537e-06 0.0115717059434514371965866110248774702863 1.530138024126267130210146615317420536828e-09 0.0115717059434514371965866110248774702863 1.530138024126267130210146615317420536828e-09 0.0115717059434514371965866110248774702863 1.530138024126267130210146615317420536828e-09 -0.0111379462523071840764457852749407806331 9.263553808276601647673913613024676326348e-06
0 1 4 12 452.41541892298966 -0.03297092601933606679297964863246468895658 9.274023732607517854861405921261489764016e-06 0.0 0.0 0.0 0.0 0.0 0.0 0.0476224372112931970111818326402202247767 9.278921472454072777472586003765149540086e-06 0.06393369936313574943946881029625040288271 1.224588264531650365420966917209750643987e-09 0.0 0.0 0.06393369936313574943946881029625040288418 1.224588264531650365420966917209750643987e-09 -0.01425934339963045295030122397102726722424 9.273516684076878987402246261285838414926e-06
0 1 3 12 448.8938271162181 -0.03638820064929259938878502148258180461862 9.274291584861200136563400136301224388088e-06 0.0 0.0 0.0 0.0 0.0 0.0 0.06407521777443267661591804563927325941722 9.279189375204760995356843539343151573419e-06 0.07258156524114163644090706254464330899329 9.184506675092953766402172152698313428461e-10 0.0 0.0 0.07258156524114163644090706254464330899035 9.184506675092953766402172152698313428461e-10 -0.02728372235579418638362730232478614462398 9.273650573611761176925197493432035389671e-06
0 0 6 10 35.582378072313425 -0.08352385425287353736330835180162157758023 9.283054624670738005645232710465673805848e-06 0.0 0.0 0.0 0.0 0.0 0.0 -0.08352385425287353736330835180162157758023 9.283054624670738005645232710465673805848e-06 0.0 0.0 0.0 0.0 0.0 0.0 0.1676791423985260891770080516885271469351 9.282930264666062185829729416783660199378e-06
1 0 5 12 459.48799066497963 0.03605505478706491144048668482740767592258 9.278577032148042270902926884950896424782e-06 0.0 0.0 0.05648458940401274806374802044389657719225 1.530715039899311625443825138277911954088e-09 0.0 0.0 -0.02985102525595462045972646724012373512534 9.273679357225614294356843575772652057232e-06 0.0 0.0 0.05648458940401274806374802044389657719225 1.530715039899311625443825138277911954088e-09 0.0 0.0 -0.0058236001867484919157284454570152983639 9.273344542417663778190584717784864074832e-06
1 1 6 13 866.7624718357841 0.004500378215388800853829968102026729366287 9.268363590241598355261813671623777034801e-06 0.01790012593652934525668724782025894948733 4.895749342249117017601237591248043909658e-09 0.01170749874995488133699301078847554936058 1.836135878228475179033320833774189871277e-09 0.01790012593652934525668724782025894948733 4.895749342249117017601237591248043909658e-09 0.004500378215388800853829968102026729366287 9.268363590241598355261813671623777034801e-06 0.01170749874995488133699301078847554936058 1.836135878228475179033320833774189871277e-09 0.01170749874995488133699301078847554936058 1.836135878228475179033320833774189871277e-09 0.01170749874995488133699301078847554936058 1.836135878228475179033320833774189871277e-09 -0.008730669462829469137875911212051129770766 9.263343574657829825248485536489956130631e-06
1 1 2 13 836.7774893799792 0.01040545469635723710088938969360022953909 9.269587575820764711854757270757971515009e-06 0.02804745579774652049617304041298712022223 4.895980116041264497732834922269120534167e-09 0.008513462906500981295677941241903787298343 6.120741422758181923977637537211057413898e-10 0.02804745579774652049617304041298712022233 4.895980116041264497732834922269120534167e-09 0.01040545469635723710088938969360022953909 9.269587575820764711854757270757971515009e-06 0.008513462906500981295677941241903787298343 6.120741422758181923977637537211057413898e-10 0.008513462906500981295677941241903787298343 6.120741422758181923977637537211057413898e-10 0.008513462906500981295677941241903787298343 6.120741422758181923977637537211057413898e-10 -0.02052739425897210510460904226060323941155 9.263955172827667443990329216167951780103e-06
1 1 3 13 840.4955393712761 0.00864775171652779739130501956146513507064 9.26939632236901845667521045957359624517e-06 0.02514163996961572116773282779895957160306 4.895944057078588873107417720866111970058e-09 0.01016062891301883969909721986781728206025 9.181044516998638342565887763509017140546e-10 0.02514163996961572116773282779895957160306 4.895944057078588873107417720866111970058e-09 0.00864775171652779739130501956146513507064 9.26939632236901845667521045957359624517e-06 0.01016062891301883969909721986781728206025 9.181044516998638342565887763509017140546e-10 0.01016062891301883969909721986781728205878 9.181044516998638342565887763509017140546e-10 0.01016062891301883969909721986781728205878 9.181044516998638342565887763509017140546e-10 -0.0170144073924621999686638106443051621802 9.263859608713035019131661114733760230972e-06
