19 64 0 1 0 1 33 112.40927795903578 0.1140275257507764059823679708332977330575 0.05646527610078517322807403098016596636548 -1.469367938527859384960920671527807097273e-39 2.20405190779178907744138100729171064591e-39 0.0 0.0 0.0 0.0 -0.0194947898907543081799844715360247160154 0.0373951007067370489509905019411332408902 0.0 0.0 0.0 0.0 0.0 0.0 -0.1031001946648217753963334583231343936719 0.03179582178525584054206297166316339920127
21 64 0 1 0 1 34 120.80933792094663 0.06593385430282016118158651964776771189972 0.05202672953266746958911491877327673575598 7.346839692639296924804603357639035486367e-40 7.346839692639296924804603357639035486367e-40 0.0 0.0 0.0 0.0 -0.02657081008299971559115021866840879281052 0.03003849002327686564585796312365194811054 0.0 0.0 0.0 0.0 0.0 0.0 -0.07027381255772513673724505173281769860046 0.024739249023651379831302249746170175896
23 64 0 1 0 1 35 129.09624805124452 0.04110917189470890465514242841256610434597 0.0474288834197651441131067454110927355106 0.0 0.0 0.0 0.0 0.0 0.0 -0.03082130760768117142936581188563143790535 0.02270043432679961850410720900679011750324 0.0 0.0 0.0 0.0 0.0 0.0 -0.05714926178346384234974664890905165880458 0.01771667856901618059138597819096415667578
25 64 0 1 0 1 35 137.02315736576253 0.0252847904211760419050295088127929352018 0.0427369682301135098025656049784854389649 -7.346839692639296924804603357639035486367e-40 2.938735877055718769921841343055614194547e-39 0.0 0.0 0.0 0.0 -0.03302050625114945713666015292873151639035 0.0155378662184733617851079843930801742629 0.0 0.0 0.0 0.0 0.0 0.0 -0.05006042648798676864959551653996433785698 0.01088154452045843128722510653156946990466
29 64 0 1 0 1 37 151.5886864435496 0.006061061255393382122051899251647122193173 0.03332791978630649830853823791116778471974 -9.642727096589077213806041906901234075856e-40 -7.346839692639296924804603357639035486367e-40 -4.591774807899560578002877098524397178979e-41 0.0 0.0 0.0 -0.03291047490762263732103462108751094935643 0.002320667053466869402462460757620193954549 0.0 0.0 0.0 0.0 0.0 0.0 -0.04083881734349325539393829505382219722057 -0.001659111464549936899925936767990830891545
33 64 0 1 0 1 38 164.49488539116115 -0.004407581898850438571358412382143681440651 0.02428906155664663896574645784483489999281 -4.040761830951613308642531846701469517502e-39 0.0 0.0 3.673419846319648462402301678819517743183e-40 0.0 0.0 -0.02848467086480779846913970857620673940294 -0.008593115159270649530101064292081370476489 0.0 0.0 0.0 0.0 0.0 0.0 -0.03232133496918829130241968807648397410252 -0.01189066940564094999299009452839970803152
-19 64 0 1 0 1 33 112.40927795903578 0.1140275257507764059823679708332977331056 0.05646527610078517322807403098016596637135 1.102025953895894538720690503645855322955e-39 -1.836709923159824231201150839409758871592e-39 3.673419846319648462402301678819517743183e-40 0.0 0.0 0.0 -0.01949478989075430817998447153602471596948 0.03739510070673704895099050194113324090195 0.0 0.0 0.0 0.0 0.0 0.0 -0.1031001946648217753963334583231343936671 0.03179582178525584054206297166316339920054
-21 64 0 1 0 1 34 120.80933792094663 0.06593385430282016118158651964776771188943 0.05202672953266746958911491877327673576774 -1.102025953895894538720690503645855322955e-39 -7.346839692639296924804603357639035486367e-40 0.0 1.836709923159824231201150839409758871592e-40 0.0 0.0 -0.02657081008299971559115021866840879282227 0.03003849002327686564585796312365194812817 0.0 0.0 0.0 0.0 0.0 0.0 -0.07027381255772513673724505173281769859752 0.02473924902365137983130224974617017589673
-23 64 0 1 0 1 35 129.09624805124452 0.04110917189470890465514242841256610426663 0.04742888341976514411310674541109273549885 0.0 -3.673419846319648462402301678819517743183e-40 1.836709923159824231201150839409758871592e-40 0.0 0.0 0.0 -0.03082130760768117142936581188563143798175 0.02270043432679961850410720900679011749148 0.0 0.0 0.0 0.0 0.0 0.0 -0.05714926178346384234974664890905165880641 0.01771667856901618059138597819096415667633
-25 64 0 1 0 1 35 137.02315736576253 0.02528479042117604190502950881279293532522 0.04273696823011350980256560497848543898254 7.346839692639296924804603357639035486367e-40 -3.306077861687683616162071510937565968865e-39 1.836709923159824231201150839409758871592e-40 3.673419846319648462402301678819517743183e-40 0.0 0.0 -0.03302050625114945713666015292873151626692 0.01553786621847336178510798439308017428053 0.0 0.0 0.0 0.0 0.0 0.0 -0.05006042648798676864959551653996433785477 0.01088154452045843128722510653156946990448
-29 64 0 1 0 1 37 151.5886864435496 0.00606106125539338212205189925164712217848 0.03332791978630649830853823791116778470358 9.642727096589077213806041906901234075856e-40 3.673419846319648462402301678819517743183e-40 4.591774807899560578002877098524397178979e-41 1.836709923159824231201150839409758871592e-40 0.0 0.0 -0.03291047490762263732103462108751094937406 0.002320667053466869402462460757620193936917 0.0 0.0 0.0 0.0 0.0 0.0 -0.0408388173434932553939382950538221972169 -0.001659111464549936899925936767990830890903
-33 64 0 1 0 1 38 164.49488539116115 -0.004407581898850438571358412382143681608159 0.02428906155664663896574645784483489999042 3.994844082872617702862503075716225545712e-39 -1.836709923159824231201150839409758871592e-40 4.591774807899560578002877098524397178979e-41 -1.836709923159824231201150839409758871592e-40 0.0 0.0 -0.02848467086480779846913970857620673956751 -0.008593115159270649530101064292081370476489 0.0 0.0 0.0 0.0 0.0 0.0 -0.03232133496918829130241968807648397410436 -0.01189066940564094999299009452839970803533
