7 64 0 1 0 1 21 20.37591880647988 0.2172298564874336478390552162678187907973 -0.01362580850842206346895288829031069284716 0.0 0.0 5.877471754111437539843682686111228389093e-39 0.0 0.0 0.0 -0.07017585883726188255605870981113083551684 0.03892774589010358873810853522699451367346 0.0 0.0 0.0 0.0 0.0 0.0 -0.07017585883726188255605870981113083551684 0.03892774589010358873810853522699451367346
9 64 0 1 0 1 22 30.29749866155686 0.1263603321678748366090759904658266096609 0.001859985771959086233681170142740391210868 -1.469367938527859384960920671527807097273e-39 0.0 -1.469367938527859384960920671527807097273e-39 1.469367938527859384960920671527807097273e-39 0.0 0.0 -0.0387226928538879260964242494055874705721 0.0289814613992133811942213669016106809356 0.0 0.0 0.0 0.0 0.0 0.0 -0.0387226928538879260964242494055874705721 0.0289814613992133811942213669016106809356
11 64 0 1 0 1 23 40.44702031150472 0.0781785813023765987965123113575089806473 0.009012719391797643705001507411527183772029 0.0 0.0 0.0 0.0 0.0 0.0 -0.02438231766471811817972125101324751618151 0.02291596046715810792408611945737397335968 0.0 0.0 0.0 0.0 0.0 0.0 -0.02438231766471811817972125101324751618151 0.02291596046715810792408611945737397335968
13 64 0 1 0 1 24 50.63337661191898 0.05110915803352830069878410776200602603955 0.01212079148814970157500173921562142002294 -1.469367938527859384960920671527807097273e-39 0.0 -7.346839692639296924804603357639035486367e-40 -7.346839692639296924804603357639035486367e-40 0.0 0.0 -0.01797408444795538606774272564621884948591 0.01865925974123908568822257722240984723334 0.0 0.0 0.0 0.0 0.0 0.0 -0.01797408444795538606774272564621884948591 0.01865925974123908568822257722240984723334
-7 64 0 1 0 1 21 20.37591880647988 0.2172298564874336478390552162678187907973 -0.01362580850842206346895288829031069284716 3.673419846319648462402301678819517743183e-40 0.0 -5.510129769479472693603452518229276614775e-39 0.0 0.0 0.0 -0.07017585883726188255605870981113083551831 0.03892774589010358873810853522699451367346 0.0 0.0 0.0 0.0 0.0 0.0 -0.07017585883726188255605870981113083551831 0.03892774589010358873810853522699451367346
-9 64 0 1 0 1 22 30.29749866155686 0.126360332167874836609075990465826609658 0.001859985771959086233681170142740391210868 7.346839692639296924804603357639035486367e-40 0.0 1.836709923159824231201150839409758871592e-39 -1.469367938527859384960920671527807097273e-39 0.0 0.0 -0.03872269285388792609642424940558747057357 0.0289814613992133811942213669016106809356 0.0 0.0 0.0 0.0 0.0 0.0 -0.03872269285388792609642424940558747057357 0.0289814613992133811942213669016106809356
-11 64 0 1 0 1 23 40.44702031150472 0.07817858130237659879651231135750898065135 0.009012719391797643705001507411527183777906 -5.510129769479472693603452518229276614775e-40 0.0 1.836709923159824231201150839409758871592e-40 0.0 0.0 0.0 -0.02438231766471811817972125101324751617894 0.02291596046715810792408611945737397336262 0.0 0.0 0.0 0.0 0.0 0.0 -0.02438231766471811817972125101324751617894 0.02291596046715810792408611945737397336262
-13 64 0 1 0 1 24 50.63337661191898 0.05110915803352830069878410776200602603808 0.01212079148814970157500173921562142002294 1.790792175080828625421122068424514899802e-39 0.0 1.056108205816898932940661732660611351165e-39 7.346839692639296924804603357639035486367e-40 0.0 0.0 -0.01797408444795538606774272564621884948628 0.01865925974123908568822257722240984723334 0.0 0.0 0.0 0.0 0.0 0.0 -0.01797408444795538606774272564621884948628 0.01865925974123908568822257722240984723334
1 24 7 96 5 48 23 28.967375525782916 -0.03508604470925390149097810656025492078238 0.02964096394662998299542150653436908149938 0.03107574702637857207596190385711986110562 -0.005251381441530960956375116936369703997529 0.04763314712737107331985746271675079284477 -0.00813745926274975544225856490077309288375 0.03107574702637857207596190385711986111003 -0.005251381441530960956375116936369703993855 0.003008470073324286322622052029607747203593 0.02314860790344859661004503050441134882649 0.09427002820169804374488424754386891699313 -0.01640033817785909689266403571262583136132 0.0476331471273710733198574627167507928433 -0.008137459262749755442258564900773092888892 0.09427002820169804374488424754386891700415 -0.01640033817785909689266403571262583136058 0.087502967160832755448798379878001350666 0.008059378488335754684150687698590239385325
7 96 5 48 13 96 25 45.43742959554565 -0.008806531376971643307239988090073625784172 0.01953985088512252967192162187022928734354 0.0192900110416049246687903828352378161104 -0.002335479131433996193623774142329474251898 0.02547315749345010331597018335341114275651 -0.003111057346866896762979707775844554840892 0.0192900110416049246687903828352378161104 -0.002335479131433996193623774142329474252633 0.005542010885802265095369972807829992602954 0.01777976620284434636572598518588069770814 0.03705515526782827176124076258467089424642 -0.004571268818860760571064129777234098305228 0.02547315749345010331597018335341114276166 -0.003111057346866896762979707775844554843831 0.03705515526782827176124076258467089424789 -0.004571268818860760571064129777234098308901 0.02613962221431645690382803736910367580049 0.01517415808085486334909559669015208120866
