-11 64 0 1 0 1 26 16.76830935066023 0.0008228590745032417031009772731276795962693 0.0003208798099194012587558192743935663324624 0.0 0.0 0.0 0.0 0.0 5.739718509874450722503596373155496473724e-42 -0.0002002640634229267781847463262222746261795 0.0002821512319088039356712914179099290031777 0.0 0.0 0.0 0.0 0.0 0.0 -0.0002002640634229267781847463262222746261795 0.0002821512319088039356712914179099290031777
-13 64 0 1 0 1 27 21.268979184272492 0.0006165361880082962678136681082742225478215 0.0003057664707958741735482974321089856232537 1.121038771459853656738983666631932905024e-43 0.0 3.138908560087590238869154266569412134068e-43 0.0 5.739718509874450722503596373155496473724e-42 0.0 -0.0001980518035600068434095548691101414103598 0.000253472498339211583302677793400714203361 0.0 0.0 1.147943701974890144500719274631099294745e-41 0.0 0.0 0.0 -0.0001980518035600068434095548691101414103598 0.000253472498339211583302677793400714203361
-11 64 -7 64 0 1 27 22.32596162410246 0.0005261258225355050149444671505497245132834 0.0002903062942003297479701791258813103550518 0.0004197022971884630242637651169866432358128 2.381946332478123761015682496750493065356e-05 4.484155085839414626955934666527731620097e-44 0.0 0.0004197022971884630242637651169866432358329 2.381946332478123761015682496750493067078e-05 -8.809120788555618177501305688263095662052e-05 0.0002680429459180920851611285246397711608412 1.793662034335765850782373866611092648039e-43 0.0 0.0 0.0 0.0 0.0 -0.0001987051129689488543057963123059484344912 0.0002528919835599417885437508745650863378847
-13 64 -7 64 0 1 28 25.664998832715572 0.000388006520400877722614246582158762820053 0.0002762154737029278893580933152370118493798 0.0002911528126062511333313828177147989699633 2.720718274558313235938887522148043982361e-05 0.0 0.0 0.0002911528126062511333313828177147989700193 2.720718274558313235938887522148043981787e-05 -0.0001025229047120404922010941082918929661422 0.000240352968032005384355592072434836964285 0.0 0.0 5.739718509874450722503596373155496473724e-42 0.0 0.0 0.0 -0.000198986333454229548141361147637513400159 0.0002257097741375295408613187271086594413198
-15 64 0 1 0 1 27 25.507943289251788 0.0004525806498516343156029850647794574319861 0.0002887706948286727389886016432478483988038 0.0 0.0 0.0 0.0 1.147943701974890144500719274631099294745e-41 1.721915552962335216751078911946648942117e-41 -0.0001974276973791585074766934679661915041483 0.0002218633498563007837424527758733112528862 0.0 0.0 -2.29588740394978028900143854926219858949e-41 1.721915552962335216751078911946648942117e-41 0.0 0.0 -0.0001974276973791585074766934679661915041483 0.0002218633498563007837424527758733112528862
-11 64 -11 64 0 1 29 27.57975295337918 0.0001163905739134403171956225983299558597443 0.0002481987785414980649032581702311738006142 0.0003707966514399109605007425160745625660391 3.556182626668408452023366705577414987808e-05 0.0 0.0 0.0003707966514399109605007425160745625660391 3.556182626668408452023366705577414987808e-05 0.0001163905739134403171956225983299558597443 0.0002481987785414980649032581702311738006142 0.0 0.0 0.0 0.0 0.0 1.147943701974890144500719274631099294745e-41 -0.000199904655395211037638476618647808023462 0.0002126530584879647868176677915320824891738
-15 64 -7 64 0 1 29 29.026422467020595 0.0002863620141549811108900654000437598994526 0.0002603792104670507883258939505014973710077 0.0002123929602048735552890796672290376069739 3.015896856351699755350170477520026534167e-05 0.0 0.0 0.0002123929602048735552890796672290376070155 3.015896856351699755350170477520026535315e-05 -0.000126119316706756154392091740774049164989 0.0002098482409586734304623377533314499342395 0.0 0.0 0.0 0.0 -1.004450739228028876438129365302211882902e-41 0.0 -0.0001998562969634637732208837635687578580429 0.0001957808234660600772158504457233379958822
-17 64 0 1 0 1 28 29.46008068160219 0.0003264119923036544802118831643307835120392 0.0002701609627582309594701796459253562681204 0.0 0.0 0.0 0.0 -5.739718509874450722503596373155496473724e-42 0.0 -0.000199292088912583581732951032160160772792 0.0001880785612241302636989547548837761028556 0.0 0.0 5.739718509874450722503596373155496473724e-42 5.739718509874450722503596373155496473724e-42 0.0 0.0 -0.000199292088912583581732951032160160772792 0.0001880785612241302636989547548837761028556
-13 64 -13 64 0 1 30 32.66014794228902 3.20882858264171199683380402353256909734e-05 0.0002101589341460122159660816134710460566974 0.0002520592213085340893575995704388837089799 4.634556846739186834787281448346975950292e-05 0.0 0.0 0.0002520592213085340893575995704388837089713 4.634556846739186834787281448346975950292e-05 3.20882858264171199683380402353256909734e-05 0.0002101589341460122159660816134710460566974 0.0 0.0 0.0 -5.739718509874450722503596373155496473724e-42 0.0 5.739718509874450722503596373155496473724e-42 -0.0002024168430706062504534933325262255323241 0.0001638349169533654133026655759042409196286
-17 64 -7 64 0 1 29 32.315939714043026 0.0002070091417698566271720908186310243207269 0.0002430516429536753752572182157999942233023 0.0001600183642910903091787678276183549929346 3.263383715056674865050740242452187341409e-05 0.0 0.0 0.0001600183642910903091787678276183549929432 3.263383715056674865050740242452187341983e-05 -0.0001472942886458901227905681314307037134805 0.0001772630040236429311914000356554866556917 0.0 0.0 0.0 0.0 0.0 -5.739718509874450722503596373155496473724e-42 -0.0002017663256266497680000073662147989860794 0.000163832239979640659073108286339096088742
-21 64 0 1 0 1 30 36.54754169925166 0.0001557230891507932104883976181036925131475 0.000229273971006776225201515262040025499707 0.0 0.0 0.0 0.0 -2.869859254937225361251798186577748236862e-42 5.739718509874450722503596373155496473724e-42 -0.0002035434646326550165621797823000916413733 0.000117189207719038802001876549578412286036 0.0 0.0 -5.739718509874450722503596373155496473724e-42 -1.721915552962335216751078911946648942117e-41 0.0 0.0 -0.0002035434646326550165621797823000916413733 0.000117189207719038802001876549578412286036
-21 64 -7 64 0 1 31 38.50910120592578 9.338874555665324089150972852656746197584e-05 0.0002050332851116502369392079600149269081847 9.617454690797189490200369437536687580144e-05 3.603899790684465615284327614506766833504e-05 0.0 0.0 9.617454690797189490200369437536687588323e-05 3.603899790684465615284327614506766834939e-05 -0.0001741726753791479099054485903839208852884 0.0001089690355468541953672867820900768097795 0.0 0.0 -7.174648137343063403129495466444370592155e-42 0.0 0.0 -5.739718509874450722503596373155496473724e-42 -0.0002034845991654158320461648182775105263721 9.696256461707869624669577750955119122896e-05
-17 64 -17 64 0 1 32 41.59175534318737 -6.235720798560588166023722091558417037784e-05 0.0001298919541588328275126575674012071275136 0.0001416698049114200772049641198002704324193 6.63064946479603386385161970101110262054e-05 0.0 0.0 0.0001416698049114200772049641198002704324251 6.63064946479603386385161970101110262054e-05 -6.235720798560588166023722091558417037784e-05 0.0001298919541588328275126575674012071275136 0.0 0.0 0.0 -1.434929627468612680625899093288874118431e-41 8.609577764811676083755394559733244710586e-42 -1.434929627468612680625899093288874118431e-41 -0.0002009148770101558872818145952838060504499 6.361852411307894405715360818339959858942e-05
5 48 13 96 1 6 29 27.76137425756094 -0.0001293601921283342151283428703311034978424 0.0002304657053899005122238809118460416285021 0.0001778996563462387873435576933628674857008 1.708615747520182137829868190461286649653e-05 0.0002372430051820235283494052539739708231393 2.102922502801262500605178635010941333509e-05 0.0001778996563462387873435576933628674856563 1.708615747520182137829868190461286652236e-05 -1.554101399854091311754359405019952059341e-05 0.0002395305585598463523445603184633233670554 0.0003585971323695806854057869689401703434918 2.733810405103694738296048622651500082676e-05 0.0002372430051820235283494052539739708231106 2.102922502801262500605178635010941333796e-05 0.0003585971323695806854057869689401703434947 2.73381040510369473829604862265150008325e-05 0.0002073672507236876462074520756914989470757 0.0002509603693110150784560635073175791296391
13 96 1 6 19 96 30 33.55781828367924 -0.0001145064485670503889662574240187808745255 0.0001788404656837125796123967965395778782954 0.0001285622244462206666696294989118997453147 2.514255016902413003354297206328213097472e-05 0.0001565885265740331436491746536042401053525 2.985697119751985160017824830071003974368e-05 0.0001285622244462206666696294989118997452817 2.514255016902413003354297206328213099768e-05 -5.637986026970142438895612329780182883033e-05 0.0001893521904570979380198915859155695706424 0.000199186817536338372051729794583565642373 3.674723821170190728507873630260771790221e-05 0.0001565885265740331436491746536042401053382 2.985697119751985160017824830071003974368e-05 0.0001991868175363383720517297945835656423644 3.67472382117019072850787363026077179223e-05 2.107269510306874116991610620998515731624e-05 0.0002020390581100661361670922653972854938015
1 6 19 96 11 48 32 38.94453317372509 -0.0001292529657134895222272561971307290612359 0.0001251328055828558708924247398800851774892 9.406290813183456843517107748387728720831e-05 3.313985131265997387415849800178042225376e-05 0.0001099559226386674339287912129034765424123 3.837276477615977667345232369386597147082e-05 9.406290813183456843517107748387728724275e-05 3.313985131265997387415849800178042225089e-05 -9.574607315404805474498561949622355978619e-05 0.0001365740352763914795266907907952775776704 0.000131975375543555563940886124475349041681 4.556796781910716109434662240800692197242e-05 0.0001099559226386674339287912129034765424095 3.837276477615977667345232369386597150526e-05 0.0001319753755435555639408861244753490416351 4.556796781910716109434662240800692196811e-05 -5.510348596175816890180561657487281123119e-05 0.0001499770187136200820376268121826875048524
