=== item 3: srfSum! amplification Lambda on the eight contact offsets ===
shape D           freq    a  b  |Gab|         sum|fp|       Lambda      

eps at 128 bits (BigFloat, precision=128) = 5.877471754111438e-39

c32   (0, 0, 0)   1       1  1  2.0462e-05    3.7382e-05    1.8269e+00  
c32   (0, 0, 0)   1       3  3  2.0462e-05    3.7382e-05    1.8269e+00  
c32   (0, 0, 0)   1       2  2  2.0462e-05    3.7382e-05    1.8269e+00  
c32   (0, 0, 0)   0.37    1  1  1.4873e-04    2.7329e-04    1.8375e+00  
c32   (0, 0, 0)   0.37    3  3  1.4873e-04    2.7329e-04    1.8375e+00  
c32   (0, 0, 0)   0.37    2  2  1.4873e-04    2.7329e-04    1.8375e+00  
c32   (0, 0, 0)   3       1  1  2.3713e-06    4.1211e-06    1.7379e+00  
c32   (0, 0, 0)   3       3  3  2.3713e-06    4.1211e-06    1.7379e+00  
c32   (0, 0, 0)   3       2  2  2.3713e-06    4.1211e-06    1.7379e+00  
c32   (0, 0, 0)   1+0.1i  1  1  2.0254e-05    3.6638e-05    1.8089e+00  
c32   (0, 0, 0)   1+0.1i  3  3  2.0254e-05    3.6638e-05    1.8089e+00  
c32   (0, 0, 0)   1+0.1i  2  2  2.0254e-05    3.6638e-05    1.8089e+00  
c32   (0, 0, 0)   1+1i    1  1  1.0162e-05    1.6932e-05    1.6662e+00  
c32   (0, 0, 0)   1+1i    3  3  1.0162e-05    1.6932e-05    1.6662e+00  
c32   (0, 0, 0)   1+1i    2  2  1.0162e-05    1.6932e-05    1.6662e+00  
c32   (0, 0, 0)   0.5+2i  1  1  4.7006e-06    7.2672e-06    1.5460e+00  
c32   (0, 0, 0)   0.5+2i  3  3  4.7006e-06    7.2672e-06    1.5460e+00  
c32   (0, 0, 0)   0.5+2i  2  2  4.7006e-06    7.2672e-06    1.5460e+00  
c32   (0, 0, 0)   2+2i    1  1  2.5261e-06    3.8469e-06    1.5228e+00  
c32   (0, 0, 0)   2+2i    3  3  2.5261e-06    3.8469e-06    1.5228e+00  
c32   (0, 0, 0)   2+2i    2  2  2.5261e-06    3.8469e-06    1.5228e+00  
c32   (1, 0, 0)   1       1  1  4.1968e-06    1.7442e-05    4.1559e+00  
c32   (1, 0, 0)   1       3  3  2.0087e-06    2.1368e-05    1.0638e+01  
c32   (1, 0, 0)   1       2  2  2.0087e-06    2.1368e-05    1.0638e+01  
c32   (1, 0, 0)   0.37    1  1  3.0175e-05    1.2768e-04    4.2314e+00  
c32   (1, 0, 0)   0.37    3  3  1.4996e-05    1.5629e-04    1.0422e+01  
c32   (1, 0, 0)   0.37    2  2  1.4996e-05    1.5629e-04    1.0422e+01  
c32   (1, 0, 0)   3       1  1  5.2632e-07    1.8988e-06    3.6078e+00  
c32   (1, 0, 0)   3       3  3  1.9168e-07    2.3460e-06    1.2239e+01  
c32   (1, 0, 0)   3       2  2  1.9168e-07    2.3460e-06    1.2239e+01  
c32   (1, 0, 0)   1+0.1i  1  1  4.1511e-06    1.6897e-05    4.0705e+00  
c32   (1, 0, 0)   1+0.1i  3  3  1.9929e-06    2.0784e-05    1.0429e+01  
c32   (1, 0, 0)   1+0.1i  2  2  1.9929e-06    2.0784e-05    1.0429e+01  
c32   (1, 0, 0)   1+0.1i  2  1  2.6470e-23    9.2739e-06    3.5036e+17  
c32   (1, 0, 0)   1+1i    1  1  2.0512e-06    7.0394e-06    3.4319e+00  
c32   (1, 0, 0)   1+1i    3  3  1.0404e-06    8.9946e-06    8.6454e+00  
c32   (1, 0, 0)   1+1i    2  2  1.0404e-06    8.9946e-06    8.6454e+00  
c32   (1, 0, 0)   0.5+2i  1  1  9.1753e-07    2.7006e-06    2.9434e+00  
c32   (1, 0, 0)   0.5+2i  3  3  5.1617e-07    3.6102e-06    6.9941e+00  
c32   (1, 0, 0)   0.5+2i  2  2  5.1617e-07    3.6102e-06    6.9941e+00  
c32   (1, 0, 0)   2+2i    1  1  5.0157e-07    1.4211e-06    2.8333e+00  
c32   (1, 0, 0)   2+2i    3  3  2.7366e-07    1.9075e-06    6.9703e+00  
c32   (1, 0, 0)   2+2i    2  2  2.7366e-07    1.9075e-06    6.9703e+00  
c32   (0, 1, 0)   1       1  1  2.0087e-06    2.1368e-05    1.0638e+01  
c32   (0, 1, 0)   1       3  3  2.0087e-06    2.1368e-05    1.0638e+01  
c32   (0, 1, 0)   1       2  2  4.1968e-06    1.7442e-05    4.1559e+00  
c32   (0, 1, 0)   0.37    1  1  1.4996e-05    1.5629e-04    1.0422e+01  
c32   (0, 1, 0)   0.37    3  3  1.4996e-05    1.5629e-04    1.0422e+01  
c32   (0, 1, 0)   0.37    2  2  3.0175e-05    1.2768e-04    4.2314e+00  
c32   (0, 1, 0)   3       1  1  1.9168e-07    2.3460e-06    1.2239e+01  
c32   (0, 1, 0)   3       3  3  1.9168e-07    2.3460e-06    1.2239e+01  
c32   (0, 1, 0)   3       2  2  5.2632e-07    1.8988e-06    3.6078e+00  
c32   (0, 1, 0)   1+0.1i  3  2  2.6470e-23    9.2739e-06    3.5036e+17  
c32   (0, 1, 0)   1+0.1i  1  1  1.9929e-06    2.0784e-05    1.0429e+01  
c32   (0, 1, 0)   1+0.1i  3  3  1.9929e-06    2.0784e-05    1.0429e+01  
c32   (0, 1, 0)   1+0.1i  2  2  4.1511e-06    1.6897e-05    4.0705e+00  
c32   (0, 1, 0)   1+1i    1  1  1.0404e-06    8.9946e-06    8.6454e+00  
c32   (0, 1, 0)   1+1i    3  3  1.0404e-06    8.9946e-06    8.6454e+00  
c32   (0, 1, 0)   1+1i    2  2  2.0512e-06    7.0394e-06    3.4319e+00  
c32   (0, 1, 0)   0.5+2i  1  1  5.1617e-07    3.6102e-06    6.9941e+00  
c32   (0, 1, 0)   0.5+2i  3  3  5.1617e-07    3.6102e-06    6.9941e+00  
c32   (0, 1, 0)   0.5+2i  2  2  9.1753e-07    2.7006e-06    2.9434e+00  
c32   (0, 1, 0)   2+2i    1  1  2.7366e-07    1.9075e-06    6.9703e+00  
c32   (0, 1, 0)   2+2i    3  3  2.7366e-07    1.9075e-06    6.9703e+00  
c32   (0, 1, 0)   2+2i    2  2  5.0157e-07    1.4211e-06    2.8333e+00  
c32   (1, 1, 0)   1       1  2  1.4033e-06    7.4178e-06    5.2858e+00  
c32   (1, 1, 0)   1       1  1  4.6742e-07    1.3505e-05    2.8892e+01  
c32   (1, 1, 0)   1       3  3  8.0744e-07    1.4179e-05    1.7561e+01  
c32   (1, 1, 0)   1       2  2  4.6742e-07    1.3505e-05    2.8892e+01  
c32   (1, 1, 0)   1       2  1  1.4033e-06    7.4178e-06    5.2858e+00  
c32   (1, 1, 0)   0.37    1  2  1.0170e-05    5.4264e-05    5.3357e+00  
c32   (1, 1, 0)   0.37    1  1  3.1212e-06    9.8854e-05    3.1672e+01  
c32   (1, 1, 0)   0.37    3  3  6.1104e-06    1.0375e-04    1.6979e+01  
c32   (1, 1, 0)   0.37    2  2  3.1212e-06    9.8854e-05    3.1672e+01  
c32   (1, 1, 0)   0.37    2  1  1.0170e-05    5.4264e-05    5.3357e+00  
c32   (1, 1, 0)   3       1  2  1.6911e-07    8.1301e-07    4.8077e+00  
c32   (1, 1, 0)   3       1  1  8.6608e-08    1.4719e-06    1.6995e+01  
c32   (1, 1, 0)   3       3  3  8.0279e-08    1.5507e-06    1.9316e+01  
c32   (1, 1, 0)   3       2  2  8.6608e-08    1.4719e-06    1.6995e+01  
c32   (1, 1, 0)   3       2  1  1.6911e-07    8.1301e-07    4.8077e+00  
c32   (1, 1, 0)   1+0.1i  1  2  1.3893e-06    7.1587e-06    5.1528e+00  
c32   (1, 1, 0)   1+0.1i  1  1  4.5918e-07    1.3000e-05    2.8312e+01  
c32   (1, 1, 0)   1+0.1i  3  3  8.0331e-07    1.3667e-05    1.7014e+01  
c32   (1, 1, 0)   1+0.1i  2  2  4.5918e-07    1.3000e-05    2.8312e+01  
c32   (1, 1, 0)   1+0.1i  2  1  1.3893e-06    7.1587e-06    5.1528e+00  
c32   (1, 1, 0)   1+1i    1  2  6.9492e-07    2.8898e-06    4.1584e+00  
c32   (1, 1, 0)   1+1i    1  1  2.0450e-07    5.1199e-06    2.5036e+01  
c32   (1, 1, 0)   1+1i    3  3  4.3005e-07    5.4529e-06    1.2680e+01  
c32   (1, 1, 0)   1+1i    2  2  2.0450e-07    5.1199e-06    2.5036e+01  
c32   (1, 1, 0)   1+1i    2  1  6.9492e-07    2.8898e-06    4.1584e+00  
c32   (1, 1, 0)   0.5+2i  1  2  3.1668e-07    1.0761e-06    3.3981e+00  
c32   (1, 1, 0)   0.5+2i  1  1  7.2275e-08    1.8489e-06    2.5582e+01  
c32   (1, 1, 0)   0.5+2i  3  3  2.1529e-07    2.0006e-06    9.2925e+00  
c32   (1, 1, 0)   0.5+2i  2  2  7.2275e-08    1.8489e-06    2.5582e+01  
c32   (1, 1, 0)   0.5+2i  2  1  3.1668e-07    1.0761e-06    3.3981e+00  
c32   (1, 1, 0)   2+2i    1  2  1.7278e-07    5.6799e-07    3.2874e+00  
c32   (1, 1, 0)   2+2i    1  1  4.7048e-08    9.7322e-07    2.0686e+01  
c32   (1, 1, 0)   2+2i    3  3  1.1786e-07    1.0547e-06    8.9487e+00  
c32   (1, 1, 0)   2+2i    2  2  4.7048e-08    9.7322e-07    2.0686e+01  
c32   (1, 1, 0)   2+2i    2  1  1.7278e-07    5.6799e-07    3.2874e+00  
c32   (0, 0, 1)   1       1  1  2.0087e-06    2.1368e-05    1.0638e+01  
c32   (0, 0, 1)   1       3  3  4.1968e-06    1.7442e-05    4.1559e+00  
c32   (0, 0, 1)   1       2  2  2.0087e-06    2.1368e-05    1.0638e+01  
c32   (0, 0, 1)   0.37    1  1  1.4996e-05    1.5629e-04    1.0422e+01  
c32   (0, 0, 1)   0.37    3  3  3.0175e-05    1.2768e-04    4.2314e+00  
c32   (0, 0, 1)   0.37    2  2  1.4996e-05    1.5629e-04    1.0422e+01  
c32   (0, 0, 1)   3       1  1  1.9168e-07    2.3460e-06    1.2239e+01  
c32   (0, 0, 1)   3       3  3  5.2632e-07    1.8988e-06    3.6078e+00  
c32   (0, 0, 1)   3       2  2  1.9168e-07    2.3460e-06    1.2239e+01  
c32   (0, 0, 1)   1+0.1i  1  1  1.9929e-06    2.0784e-05    1.0429e+01  
c32   (0, 0, 1)   1+0.1i  3  3  4.1511e-06    1.6897e-05    4.0705e+00  
c32   (0, 0, 1)   1+0.1i  1  3  2.6470e-23    9.2739e-06    3.5036e+17  
c32   (0, 0, 1)   1+0.1i  2  2  1.9929e-06    2.0784e-05    1.0429e+01  
c32   (0, 0, 1)   1+1i    1  1  1.0404e-06    8.9946e-06    8.6454e+00  
c32   (0, 0, 1)   1+1i    3  3  2.0512e-06    7.0394e-06    3.4319e+00  
c32   (0, 0, 1)   1+1i    2  2  1.0404e-06    8.9946e-06    8.6454e+00  
c32   (0, 0, 1)   0.5+2i  1  1  5.1617e-07    3.6102e-06    6.9941e+00  
c32   (0, 0, 1)   0.5+2i  3  3  9.1753e-07    2.7006e-06    2.9434e+00  
c32   (0, 0, 1)   0.5+2i  2  2  5.1617e-07    3.6102e-06    6.9941e+00  
c32   (0, 0, 1)   2+2i    1  1  2.7366e-07    1.9075e-06    6.9703e+00  
c32   (0, 0, 1)   2+2i    3  3  5.0157e-07    1.4211e-06    2.8333e+00  
c32   (0, 0, 1)   2+2i    2  2  2.7366e-07    1.9075e-06    6.9703e+00  
c32   (1, 0, 1)   1       3  1  1.4033e-06    7.4178e-06    5.2858e+00  
c32   (1, 0, 1)   1       1  1  4.6742e-07    1.3505e-05    2.8892e+01  
c32   (1, 0, 1)   1       3  3  4.6742e-07    1.3505e-05    2.8892e+01  
c32   (1, 0, 1)   1       1  3  1.4033e-06    7.4178e-06    5.2858e+00  
c32   (1, 0, 1)   1       2  2  8.0744e-07    1.4179e-05    1.7561e+01  
c32   (1, 0, 1)   0.37    3  1  1.0170e-05    5.4264e-05    5.3357e+00  
c32   (1, 0, 1)   0.37    1  1  3.1212e-06    9.8854e-05    3.1672e+01  
c32   (1, 0, 1)   0.37    3  3  3.1212e-06    9.8854e-05    3.1672e+01  
c32   (1, 0, 1)   0.37    1  3  1.0170e-05    5.4264e-05    5.3357e+00  
c32   (1, 0, 1)   0.37    2  2  6.1104e-06    1.0375e-04    1.6979e+01  
c32   (1, 0, 1)   3       3  1  1.6911e-07    8.1301e-07    4.8077e+00  
c32   (1, 0, 1)   3       1  1  8.6608e-08    1.4719e-06    1.6995e+01  
c32   (1, 0, 1)   3       3  3  8.6608e-08    1.4719e-06    1.6995e+01  
c32   (1, 0, 1)   3       1  3  1.6911e-07    8.1301e-07    4.8077e+00  
c32   (1, 0, 1)   3       2  2  8.0279e-08    1.5507e-06    1.9316e+01  
c32   (1, 0, 1)   1+0.1i  3  1  1.3893e-06    7.1587e-06    5.1528e+00  
c32   (1, 0, 1)   1+0.1i  1  1  4.5918e-07    1.3000e-05    2.8312e+01  
c32   (1, 0, 1)   1+0.1i  3  3  4.5918e-07    1.3000e-05    2.8312e+01  
c32   (1, 0, 1)   1+0.1i  1  3  1.3893e-06    7.1587e-06    5.1528e+00  
c32   (1, 0, 1)   1+0.1i  2  2  8.0331e-07    1.3667e-05    1.7014e+01  
c32   (1, 0, 1)   1+1i    3  1  6.9492e-07    2.8898e-06    4.1584e+00  
c32   (1, 0, 1)   1+1i    1  1  2.0450e-07    5.1199e-06    2.5036e+01  
c32   (1, 0, 1)   1+1i    3  3  2.0450e-07    5.1199e-06    2.5036e+01  
c32   (1, 0, 1)   1+1i    1  3  6.9492e-07    2.8898e-06    4.1584e+00  
c32   (1, 0, 1)   1+1i    2  2  4.3005e-07    5.4529e-06    1.2680e+01  
c32   (1, 0, 1)   0.5+2i  3  1  3.1668e-07    1.0761e-06    3.3981e+00  
c32   (1, 0, 1)   0.5+2i  1  1  7.2275e-08    1.8489e-06    2.5582e+01  
c32   (1, 0, 1)   0.5+2i  3  3  7.2275e-08    1.8489e-06    2.5582e+01  
c32   (1, 0, 1)   0.5+2i  1  3  3.1668e-07    1.0761e-06    3.3981e+00  
c32   (1, 0, 1)   0.5+2i  2  2  2.1529e-07    2.0006e-06    9.2925e+00  
c32   (1, 0, 1)   2+2i    3  1  1.7278e-07    5.6799e-07    3.2874e+00  
c32   (1, 0, 1)   2+2i    1  1  4.7048e-08    9.7322e-07    2.0686e+01  
c32   (1, 0, 1)   2+2i    3  3  4.7048e-08    9.7322e-07    2.0686e+01  
c32   (1, 0, 1)   2+2i    1  3  1.7278e-07    5.6799e-07    3.2874e+00  
c32   (1, 0, 1)   2+2i    2  2  1.1786e-07    1.0547e-06    8.9487e+00  
c32   (0, 1, 1)   1       3  2  1.4033e-06    7.4178e-06    5.2858e+00  
c32   (0, 1, 1)   1       1  1  8.0744e-07    1.4179e-05    1.7561e+01  
c32   (0, 1, 1)   1       3  3  4.6742e-07    1.3505e-05    2.8892e+01  
c32   (0, 1, 1)   1       2  2  4.6742e-07    1.3505e-05    2.8892e+01  
c32   (0, 1, 1)   1       2  3  1.4033e-06    7.4178e-06    5.2858e+00  
c32   (0, 1, 1)   0.37    3  2  1.0170e-05    5.4264e-05    5.3357e+00  
c32   (0, 1, 1)   0.37    1  1  6.1104e-06    1.0375e-04    1.6979e+01  
c32   (0, 1, 1)   0.37    3  3  3.1212e-06    9.8854e-05    3.1672e+01  
c32   (0, 1, 1)   0.37    2  2  3.1212e-06    9.8854e-05    3.1672e+01  
c32   (0, 1, 1)   0.37    2  3  1.0170e-05    5.4264e-05    5.3357e+00  
c32   (0, 1, 1)   3       3  2  1.6911e-07    8.1301e-07    4.8077e+00  
c32   (0, 1, 1)   3       1  1  8.0279e-08    1.5507e-06    1.9316e+01  
c32   (0, 1, 1)   3       3  3  8.6608e-08    1.4719e-06    1.6995e+01  
c32   (0, 1, 1)   3       2  2  8.6608e-08    1.4719e-06    1.6995e+01  
c32   (0, 1, 1)   3       2  3  1.6911e-07    8.1301e-07    4.8077e+00  
c32   (0, 1, 1)   1+0.1i  3  2  1.3893e-06    7.1587e-06    5.1528e+00  
c32   (0, 1, 1)   1+0.1i  1  1  8.0331e-07    1.3667e-05    1.7014e+01  
c32   (0, 1, 1)   1+0.1i  3  3  4.5918e-07    1.3000e-05    2.8312e+01  
c32   (0, 1, 1)   1+0.1i  2  2  4.5918e-07    1.3000e-05    2.8312e+01  
c32   (0, 1, 1)   1+0.1i  2  3  1.3893e-06    7.1587e-06    5.1528e+00  
c32   (0, 1, 1)   1+1i    3  2  6.9492e-07    2.8898e-06    4.1584e+00  
c32   (0, 1, 1)   1+1i    1  1  4.3005e-07    5.4529e-06    1.2680e+01  
c32   (0, 1, 1)   1+1i    3  3  2.0450e-07    5.1199e-06    2.5036e+01  
c32   (0, 1, 1)   1+1i    2  2  2.0450e-07    5.1199e-06    2.5036e+01  
c32   (0, 1, 1)   1+1i    2  3  6.9492e-07    2.8898e-06    4.1584e+00  
c32   (0, 1, 1)   0.5+2i  3  2  3.1668e-07    1.0761e-06    3.3981e+00  
c32   (0, 1, 1)   0.5+2i  1  1  2.1529e-07    2.0006e-06    9.2925e+00  
c32   (0, 1, 1)   0.5+2i  3  3  7.2275e-08    1.8489e-06    2.5582e+01  
c32   (0, 1, 1)   0.5+2i  2  2  7.2275e-08    1.8489e-06    2.5582e+01  
c32   (0, 1, 1)   0.5+2i  2  3  3.1668e-07    1.0761e-06    3.3981e+00  
c32   (0, 1, 1)   2+2i    3  2  1.7278e-07    5.6799e-07    3.2874e+00  
c32   (0, 1, 1)   2+2i    1  1  1.1786e-07    1.0547e-06    8.9487e+00  
c32   (0, 1, 1)   2+2i    3  3  4.7048e-08    9.7322e-07    2.0686e+01  
c32   (0, 1, 1)   2+2i    2  2  4.7048e-08    9.7322e-07    2.0686e+01  
c32   (0, 1, 1)   2+2i    2  3  1.7278e-07    5.6799e-07    3.2874e+00  
c32   (1, 1, 1)   1       3  2  4.9795e-07    5.6598e-06    1.1366e+01  
c32   (1, 1, 1)   1       1  2  4.9795e-07    5.6598e-06    1.1366e+01  
c32   (1, 1, 1)   1       3  1  4.9795e-07    5.6598e-06    1.1366e+01  
c32   (1, 1, 1)   1       1  1  3.6007e-08    1.1159e-05    3.0991e+02  
c32   (1, 1, 1)   1       3  3  3.6007e-08    1.1159e-05    3.0991e+02  
c32   (1, 1, 1)   1       1  3  4.9795e-07    5.6598e-06    1.1366e+01  
c32   (1, 1, 1)   1       2  2  3.6007e-08    1.1159e-05    3.0991e+02  
c32   (1, 1, 1)   1       2  1  4.9795e-07    5.6598e-06    1.1366e+01  
c32   (1, 1, 1)   1       2  3  4.9795e-07    5.6598e-06    1.1366e+01  
c32   (1, 1, 1)   0.37    3  2  3.5881e-06    4.1424e-05    1.1545e+01  
c32   (1, 1, 1)   0.37    1  2  3.5881e-06    4.1424e-05    1.1545e+01  
c32   (1, 1, 1)   0.37    3  1  3.5881e-06    4.1424e-05    1.1545e+01  
c32   (1, 1, 1)   0.37    1  1  3.6111e-08    8.1676e-05    2.2618e+03  
c32   (1, 1, 1)   0.37    3  3  3.6111e-08    8.1676e-05    2.2618e+03  
c32   (1, 1, 1)   0.37    1  3  3.5881e-06    4.1424e-05    1.1545e+01  
c32   (1, 1, 1)   0.37    2  2  3.6111e-08    8.1676e-05    2.2618e+03  
c32   (1, 1, 1)   0.37    2  1  3.5881e-06    4.1424e-05    1.1545e+01  
c32   (1, 1, 1)   0.37    2  3  3.5881e-06    4.1424e-05    1.1545e+01  
c32   (1, 1, 1)   3       3  2  6.3683e-08    6.1746e-07    9.6958e+00  
c32   (1, 1, 1)   3       1  2  6.3683e-08    6.1746e-07    9.6958e+00  
c32   (1, 1, 1)   3       3  1  6.3683e-08    6.1746e-07    9.6958e+00  
c32   (1, 1, 1)   3       1  1  3.5058e-08    1.2169e-06    3.4712e+01  
c32   (1, 1, 1)   3       3  3  3.5058e-08    1.2169e-06    3.4712e+01  
c32   (1, 1, 1)   3       1  3  6.3683e-08    6.1746e-07    9.6958e+00  
c32   (1, 1, 1)   3       2  2  3.5058e-08    1.2169e-06    3.4712e+01  
c32   (1, 1, 1)   3       2  1  6.3683e-08    6.1746e-07    9.6958e+00  
c32   (1, 1, 1)   3       2  3  6.3683e-08    6.1746e-07    9.6958e+00  
c32   (1, 1, 1)   1+0.1i  3  2  4.9291e-07    5.4188e-06    1.0993e+01  
c32   (1, 1, 1)   1+0.1i  1  2  4.9291e-07    5.4188e-06    1.0993e+01  
c32   (1, 1, 1)   1+0.1i  3  1  4.9291e-07    5.4188e-06    1.0993e+01  
c32   (1, 1, 1)   1+0.1i  1  1  3.4807e-08    1.0679e-05    3.0679e+02  
c32   (1, 1, 1)   1+0.1i  3  3  3.4807e-08    1.0679e-05    3.0679e+02  
c32   (1, 1, 1)   1+0.1i  1  3  4.9291e-07    5.4188e-06    1.0993e+01  
c32   (1, 1, 1)   1+0.1i  2  2  3.4807e-08    1.0679e-05    3.0679e+02  
c32   (1, 1, 1)   1+0.1i  2  1  4.9291e-07    5.4188e-06    1.0993e+01  
c32   (1, 1, 1)   1+0.1i  2  3  4.9291e-07    5.4188e-06    1.0993e+01  
c32   (1, 1, 1)   1+1i    3  2  2.4483e-07    2.0338e-06    8.3071e+00  
c32   (1, 1, 1)   1+1i    1  2  2.4483e-07    2.0338e-06    8.3071e+00  
c32   (1, 1, 1)   1+1i    3  1  2.4483e-07    2.0338e-06    8.3071e+00  
c32   (1, 1, 1)   1+1i    1  1  2.5734e-08    3.9877e-06    1.5496e+02  
c32   (1, 1, 1)   1+1i    3  3  2.5734e-08    3.9877e-06    1.5496e+02  
c32   (1, 1, 1)   1+1i    1  3  2.4483e-07    2.0338e-06    8.3071e+00  
c32   (1, 1, 1)   1+1i    2  2  2.5734e-08    3.9877e-06    1.5496e+02  
c32   (1, 1, 1)   1+1i    2  1  2.4483e-07    2.0338e-06    8.3071e+00  
c32   (1, 1, 1)   1+1i    2  3  2.4483e-07    2.0338e-06    8.3071e+00  
c32   (1, 1, 1)   0.5+2i  3  2  1.0914e-07    6.9734e-07    6.3891e+00  
c32   (1, 1, 1)   0.5+2i  1  2  1.0914e-07    6.9734e-07    6.3891e+00  
c32   (1, 1, 1)   0.5+2i  3  1  1.0914e-07    6.9734e-07    6.3891e+00  
c32   (1, 1, 1)   0.5+2i  1  1  1.8562e-08    1.3577e-06    7.3145e+01  
c32   (1, 1, 1)   0.5+2i  3  3  1.8562e-08    1.3577e-06    7.3145e+01  
c32   (1, 1, 1)   0.5+2i  1  3  1.0914e-07    6.9734e-07    6.3891e+00  
c32   (1, 1, 1)   0.5+2i  2  2  1.8562e-08    1.3577e-06    7.3145e+01  
c32   (1, 1, 1)   0.5+2i  2  1  1.0914e-07    6.9734e-07    6.3891e+00  
c32   (1, 1, 1)   0.5+2i  2  3  1.0914e-07    6.9734e-07    6.3891e+00  
c32   (1, 1, 1)   2+2i    3  2  6.0525e-08    3.6722e-07    6.0672e+00  
c32   (1, 1, 1)   2+2i    1  2  6.0525e-08    3.6722e-07    6.0672e+00  
c32   (1, 1, 1)   2+2i    3  1  6.0525e-08    3.6722e-07    6.0672e+00  
c32   (1, 1, 1)   2+2i    1  1  1.8328e-08    7.1474e-07    3.8996e+01  
c32   (1, 1, 1)   2+2i    3  3  1.8328e-08    7.1474e-07    3.8996e+01  
c32   (1, 1, 1)   2+2i    1  3  6.0525e-08    3.6722e-07    6.0672e+00  
c32   (1, 1, 1)   2+2i    2  2  1.8328e-08    7.1474e-07    3.8996e+01  
c32   (1, 1, 1)   2+2i    2  1  6.0525e-08    3.6722e-07    6.0672e+00  
c32   (1, 1, 1)   2+2i    2  3  6.0525e-08    3.6722e-07    6.0672e+00  
c8    (0, 0, 0)   1       1  1  1.4106e-03    2.3575e-03    1.6713e+00  
c8    (0, 0, 0)   1       3  3  1.4106e-03    2.3575e-03    1.6713e+00  
c8    (0, 0, 0)   1       2  2  1.4106e-03    2.3575e-03    1.6713e+00  
c8    (0, 0, 0)   0.37    1  1  9.6297e-03    1.7456e-02    1.8127e+00  
c8    (0, 0, 0)   0.37    3  3  9.6297e-03    1.7456e-02    1.8127e+00  
c8    (0, 0, 0)   0.37    2  2  9.6297e-03    1.7456e-02    1.8127e+00  
c8    (0, 0, 0)   3       1  1  2.0004e-04    2.3129e-04    1.1562e+00  
c8    (0, 0, 0)   3       3  3  2.0004e-04    2.3129e-04    1.1562e+00  
c8    (0, 0, 0)   3       2  2  2.0004e-04    2.3129e-04    1.1562e+00  
c8    (0, 0, 0)   1+0.1i  1  1  1.3832e-03    2.2422e-03    1.6210e+00  
c8    (0, 0, 0)   1+0.1i  3  3  1.3832e-03    2.2422e-03    1.6210e+00  
c8    (0, 0, 0)   1+0.1i  2  2  1.3832e-03    2.2422e-03    1.6210e+00  
c8    (0, 0, 0)   1+1i    1  1  6.2632e-04    8.2277e-04    1.3137e+00  
c8    (0, 0, 0)   1+1i    3  3  6.2632e-04    8.2277e-04    1.3137e+00  
c8    (0, 0, 0)   1+1i    2  2  6.2632e-04    8.2277e-04    1.3137e+00  
c8    (0, 0, 0)   0.5+2i  1  1  2.5347e-04    2.9575e-04    1.1668e+00  
c8    (0, 0, 0)   0.5+2i  3  3  2.5347e-04    2.9575e-04    1.1668e+00  
c8    (0, 0, 0)   0.5+2i  2  2  2.5347e-04    2.9575e-04    1.1668e+00  
c8    (0, 0, 0)   2+2i    1  1  1.3640e-04    1.4969e-04    1.0974e+00  
c8    (0, 0, 0)   2+2i    3  3  1.3640e-04    1.4969e-04    1.0974e+00  
c8    (0, 0, 0)   2+2i    2  2  1.3640e-04    1.4969e-04    1.0974e+00  
c8    (1, 0, 0)   1       1  1  3.2818e-04    1.0744e-03    3.2737e+00  
c8    (1, 0, 0)   1       3  3  1.0848e-04    1.3373e-03    1.2328e+01  
c8    (1, 0, 0)   1       2  2  1.0848e-04    1.3373e-03    1.2328e+01  
c8    (1, 0, 0)   0.37    1  1  2.0032e-03    8.1292e-03    4.0582e+00  
c8    (1, 0, 0)   0.37    3  3  9.1235e-04    9.9718e-03    1.0930e+01  
c8    (1, 0, 0)   0.37    2  2  9.1235e-04    9.9718e-03    1.0930e+01  
c8    (1, 0, 0)   3       1  1  5.2878e-05    8.5837e-05    1.6233e+00  
c8    (1, 0, 0)   3       3  3  5.4159e-05    1.2361e-04    2.2824e+00  
c8    (1, 0, 0)   3       2  2  5.4159e-05    1.2361e-04    2.2824e+00  
c8    (1, 0, 0)   1+0.1i  1  1  3.1415e-04    9.7545e-04    3.1050e+00  
c8    (1, 0, 0)   1+0.1i  3  3  1.1761e-04    1.2343e-03    1.0494e+01  
c8    (1, 0, 0)   1+0.1i  2  2  1.1761e-04    1.2343e-03    1.0494e+01  
c8    (1, 0, 0)   1+1i    1  1  1.1565e-04    2.3954e-04    2.0713e+00  
c8    (1, 0, 0)   1+1i    3  3  8.3647e-05    3.6072e-04    4.3124e+00  
c8    (1, 0, 0)   1+1i    2  2  8.3647e-05    3.6072e-04    4.3124e+00  
c8    (1, 0, 0)   0.5+2i  1  1  3.7233e-05    5.8852e-05    1.5807e+00  
c8    (1, 0, 0)   0.5+2i  3  3  4.0421e-05    1.0949e-04    2.7088e+00  
c8    (1, 0, 0)   0.5+2i  2  2  4.0421e-05    1.0949e-04    2.7088e+00  
c8    (1, 0, 0)   2+2i    1  1  1.9874e-05    2.7244e-05    1.3708e+00  
c8    (1, 0, 0)   2+2i    3  3  2.5498e-05    5.4265e-05    2.1282e+00  
c8    (1, 0, 0)   2+2i    2  2  2.5498e-05    5.4265e-05    2.1282e+00  
c8    (0, 1, 0)   1       1  1  1.0848e-04    1.3373e-03    1.2328e+01  
c8    (0, 1, 0)   1       3  3  1.0848e-04    1.3373e-03    1.2328e+01  
c8    (0, 1, 0)   1       2  2  3.2818e-04    1.0744e-03    3.2737e+00  
c8    (0, 1, 0)   0.37    1  1  9.1235e-04    9.9718e-03    1.0930e+01  
c8    (0, 1, 0)   0.37    3  3  9.1235e-04    9.9718e-03    1.0930e+01  
c8    (0, 1, 0)   0.37    2  2  2.0032e-03    8.1292e-03    4.0582e+00  
c8    (0, 1, 0)   3       1  1  5.4159e-05    1.2361e-04    2.2824e+00  
c8    (0, 1, 0)   3       3  3  5.4159e-05    1.2361e-04    2.2824e+00  
c8    (0, 1, 0)   3       2  2  5.2878e-05    8.5837e-05    1.6233e+00  
c8    (0, 1, 0)   1+0.1i  1  1  1.1761e-04    1.2343e-03    1.0494e+01  
c8    (0, 1, 0)   1+0.1i  3  3  1.1761e-04    1.2343e-03    1.0494e+01  
c8    (0, 1, 0)   1+0.1i  2  2  3.1415e-04    9.7545e-04    3.1050e+00  
c8    (0, 1, 0)   1+1i    1  1  8.3647e-05    3.6072e-04    4.3124e+00  
c8    (0, 1, 0)   1+1i    3  3  8.3647e-05    3.6072e-04    4.3124e+00  
c8    (0, 1, 0)   1+1i    2  2  1.1565e-04    2.3954e-04    2.0713e+00  
c8    (0, 1, 0)   0.5+2i  1  1  4.0421e-05    1.0949e-04    2.7088e+00  
c8    (0, 1, 0)   0.5+2i  3  3  4.0421e-05    1.0949e-04    2.7088e+00  
c8    (0, 1, 0)   0.5+2i  2  2  3.7233e-05    5.8852e-05    1.5807e+00  
c8    (0, 1, 0)   2+2i    1  1  2.5498e-05    5.4265e-05    2.1282e+00  
c8    (0, 1, 0)   2+2i    3  3  2.5498e-05    5.4265e-05    2.1282e+00  
c8    (0, 1, 0)   2+2i    2  2  1.9874e-05    2.7244e-05    1.3708e+00  
c8    (1, 1, 0)   1       1  2  1.0511e-04    4.6271e-04    4.4020e+00  
c8    (1, 1, 0)   1       1  1  6.4678e-05    8.3364e-04    1.2889e+01  
c8    (1, 1, 0)   1       3  3  5.8197e-05    8.8090e-04    1.5137e+01  
c8    (1, 1, 0)   1       2  2  6.4678e-05    8.3364e-04    1.2889e+01  
c8    (1, 1, 0)   1       2  1  1.0511e-04    4.6271e-04    4.4020e+00  
c8    (1, 1, 0)   0.37    1  2  6.6349e-04    3.4607e-03    5.2159e+00  
c8    (1, 1, 0)   0.37    1  1  2.4294e-04    6.2954e-03    2.5913e+01  
c8    (1, 1, 0)   0.37    3  3  3.6130e-04    6.6130e-03    1.8303e+01  
c8    (1, 1, 0)   0.37    2  2  2.4294e-04    6.2954e-03    2.5913e+01  
c8    (1, 1, 0)   0.37    2  1  6.6349e-04    3.4607e-03    5.2159e+00  
c8    (1, 1, 0)   3       3  2  4.2352e-22    3.3033e-05    7.7997e+16  
c8    (1, 1, 0)   3       1  2  2.4890e-05    4.1009e-05    1.6476e+00  
c8    (1, 1, 0)   3       3  1  4.2352e-22    3.3033e-05    7.7997e+16  
c8    (1, 1, 0)   3       1  1  2.3828e-05    6.8164e-05    2.8607e+00  
c8    (1, 1, 0)   3       3  3  3.9842e-05    7.6199e-05    1.9125e+00  
c8    (1, 1, 0)   3       2  2  2.3828e-05    6.8164e-05    2.8607e+00  
c8    (1, 1, 0)   3       2  1  2.4890e-05    4.1009e-05    1.6476e+00  
c8    (1, 1, 0)   1+0.1i  1  2  1.0275e-04    4.1386e-04    4.0278e+00  
c8    (1, 1, 0)   1+0.1i  1  1  5.7159e-05    7.3785e-04    1.2909e+01  
c8    (1, 1, 0)   1+0.1i  3  3  6.1918e-05    7.8390e-04    1.2660e+01  
c8    (1, 1, 0)   1+0.1i  2  2  5.7159e-05    7.3785e-04    1.2909e+01  
c8    (1, 1, 0)   1+0.1i  2  1  1.0275e-04    4.1386e-04    4.0278e+00  
c8    (1, 1, 0)   1+1i    1  2  4.2071e-05    9.2662e-05    2.2025e+00  
c8    (1, 1, 0)   1+1i    1  1  1.1388e-05    1.4631e-04    1.2848e+01  
c8    (1, 1, 0)   1+1i    3  3  3.7094e-05    1.6524e-04    4.4547e+00  
c8    (1, 1, 0)   1+1i    2  2  1.1388e-05    1.4631e-04    1.2848e+01  
c8    (1, 1, 0)   1+1i    2  1  4.2071e-05    9.2662e-05    2.2025e+00  
c8    (1, 1, 0)   0.5+2i  1  2  1.4057e-05    2.1852e-05    1.5545e+00  
c8    (1, 1, 0)   0.5+2i  3  1  4.2352e-22    1.3648e-05    3.2225e+16  
c8    (1, 1, 0)   0.5+2i  1  1  2.1512e-06    2.9357e-05    1.3647e+01  
c8    (1, 1, 0)   0.5+2i  3  3  1.4180e-05    3.5874e-05    2.5300e+00  
c8    (1, 1, 0)   0.5+2i  2  2  2.1512e-06    2.9357e-05    1.3647e+01  
c8    (1, 1, 0)   0.5+2i  2  1  1.4057e-05    2.1852e-05    1.5545e+00  
c8    (1, 1, 0)   2+2i    3  2  2.6470e-23    6.2138e-06    2.3475e+17  
c8    (1, 1, 0)   2+2i    1  2  7.8682e-06    1.0469e-05    1.3305e+00  
c8    (1, 1, 0)   2+2i    3  1  2.6470e-23    6.2138e-06    2.3475e+17  
c8    (1, 1, 0)   2+2i    1  1  3.1998e-06    1.3507e-05    4.2212e+00  
c8    (1, 1, 0)   2+2i    3  3  9.2743e-06    1.6855e-05    1.8174e+00  
c8    (1, 1, 0)   2+2i    2  2  3.1998e-06    1.3507e-05    4.2212e+00  
c8    (1, 1, 0)   2+2i    2  1  7.8682e-06    1.0469e-05    1.3305e+00  
c8    (0, 0, 1)   1       1  1  1.0848e-04    1.3373e-03    1.2328e+01  
c8    (0, 0, 1)   1       3  3  3.2818e-04    1.0744e-03    3.2737e+00  
c8    (0, 0, 1)   1       2  2  1.0848e-04    1.3373e-03    1.2328e+01  
c8    (0, 0, 1)   0.37    1  1  9.1235e-04    9.9718e-03    1.0930e+01  
c8    (0, 0, 1)   0.37    3  3  2.0032e-03    8.1292e-03    4.0582e+00  
c8    (0, 0, 1)   0.37    2  2  9.1235e-04    9.9718e-03    1.0930e+01  
c8    (0, 0, 1)   3       1  1  5.4159e-05    1.2361e-04    2.2824e+00  
c8    (0, 0, 1)   3       3  3  5.2878e-05    8.5837e-05    1.6233e+00  
c8    (0, 0, 1)   3       2  2  5.4159e-05    1.2361e-04    2.2824e+00  
c8    (0, 0, 1)   1+0.1i  1  1  1.1761e-04    1.2343e-03    1.0494e+01  
c8    (0, 0, 1)   1+0.1i  3  3  3.1415e-04    9.7545e-04    3.1050e+00  
c8    (0, 0, 1)   1+0.1i  2  2  1.1761e-04    1.2343e-03    1.0494e+01  
c8    (0, 0, 1)   1+1i    1  1  8.3647e-05    3.6072e-04    4.3124e+00  
c8    (0, 0, 1)   1+1i    3  3  1.1565e-04    2.3954e-04    2.0713e+00  
c8    (0, 0, 1)   1+1i    2  2  8.3647e-05    3.6072e-04    4.3124e+00  
c8    (0, 0, 1)   0.5+2i  1  1  4.0421e-05    1.0949e-04    2.7088e+00  
c8    (0, 0, 1)   0.5+2i  3  3  3.7233e-05    5.8852e-05    1.5807e+00  
c8    (0, 0, 1)   0.5+2i  2  2  4.0421e-05    1.0949e-04    2.7088e+00  
c8    (0, 0, 1)   2+2i    1  1  2.5498e-05    5.4265e-05    2.1282e+00  
c8    (0, 0, 1)   2+2i    3  3  1.9874e-05    2.7244e-05    1.3708e+00  
c8    (0, 0, 1)   2+2i    2  2  2.5498e-05    5.4265e-05    2.1282e+00  
c8    (1, 0, 1)   1       3  1  1.0511e-04    4.6271e-04    4.4020e+00  
c8    (1, 0, 1)   1       1  1  6.4678e-05    8.3364e-04    1.2889e+01  
c8    (1, 0, 1)   1       3  3  6.4678e-05    8.3364e-04    1.2889e+01  
c8    (1, 0, 1)   1       1  3  1.0511e-04    4.6271e-04    4.4020e+00  
c8    (1, 0, 1)   1       2  2  5.8197e-05    8.8090e-04    1.5137e+01  
c8    (1, 0, 1)   0.37    3  1  6.6349e-04    3.4607e-03    5.2159e+00  
c8    (1, 0, 1)   0.37    1  1  2.4294e-04    6.2954e-03    2.5913e+01  
c8    (1, 0, 1)   0.37    3  3  2.4294e-04    6.2954e-03    2.5913e+01  
c8    (1, 0, 1)   0.37    1  3  6.6349e-04    3.4607e-03    5.2159e+00  
c8    (1, 0, 1)   0.37    2  2  3.6130e-04    6.6130e-03    1.8303e+01  
c8    (1, 0, 1)   3       3  1  2.4890e-05    4.1009e-05    1.6476e+00  
c8    (1, 0, 1)   3       1  1  2.3828e-05    6.8164e-05    2.8607e+00  
c8    (1, 0, 1)   3       3  3  2.3828e-05    6.8164e-05    2.8607e+00  
c8    (1, 0, 1)   3       1  3  2.4890e-05    4.1009e-05    1.6476e+00  
c8    (1, 0, 1)   3       2  2  3.9842e-05    7.6199e-05    1.9125e+00  
c8    (1, 0, 1)   3       2  1  4.2352e-22    3.3033e-05    7.7997e+16  
c8    (1, 0, 1)   3       2  3  4.2352e-22    3.3033e-05    7.7997e+16  
c8    (1, 0, 1)   1+0.1i  3  1  1.0275e-04    4.1386e-04    4.0278e+00  
c8    (1, 0, 1)   1+0.1i  1  1  5.7159e-05    7.3785e-04    1.2909e+01  
c8    (1, 0, 1)   1+0.1i  3  3  5.7159e-05    7.3785e-04    1.2909e+01  
c8    (1, 0, 1)   1+0.1i  1  3  1.0275e-04    4.1386e-04    4.0278e+00  
c8    (1, 0, 1)   1+0.1i  2  2  6.1918e-05    7.8390e-04    1.2660e+01  
c8    (1, 0, 1)   1+1i    3  1  4.2071e-05    9.2662e-05    2.2025e+00  
c8    (1, 0, 1)   1+1i    1  1  1.1388e-05    1.4631e-04    1.2848e+01  
c8    (1, 0, 1)   1+1i    3  3  1.1388e-05    1.4631e-04    1.2848e+01  
c8    (1, 0, 1)   1+1i    1  3  4.2071e-05    9.2662e-05    2.2025e+00  
c8    (1, 0, 1)   1+1i    2  2  3.7094e-05    1.6524e-04    4.4547e+00  
c8    (1, 0, 1)   0.5+2i  3  1  1.4057e-05    2.1852e-05    1.5545e+00  
c8    (1, 0, 1)   0.5+2i  1  1  2.1512e-06    2.9357e-05    1.3647e+01  
c8    (1, 0, 1)   0.5+2i  3  3  2.1512e-06    2.9357e-05    1.3647e+01  
c8    (1, 0, 1)   0.5+2i  1  3  1.4057e-05    2.1852e-05    1.5545e+00  
c8    (1, 0, 1)   0.5+2i  2  2  1.4180e-05    3.5874e-05    2.5300e+00  
c8    (1, 0, 1)   0.5+2i  2  3  4.2352e-22    1.3648e-05    3.2225e+16  
c8    (1, 0, 1)   2+2i    3  1  7.8682e-06    1.0469e-05    1.3305e+00  
c8    (1, 0, 1)   2+2i    1  1  3.1998e-06    1.3507e-05    4.2212e+00  
c8    (1, 0, 1)   2+2i    3  3  3.1998e-06    1.3507e-05    4.2212e+00  
c8    (1, 0, 1)   2+2i    1  3  7.8682e-06    1.0469e-05    1.3305e+00  
c8    (1, 0, 1)   2+2i    2  2  9.2743e-06    1.6855e-05    1.8174e+00  
c8    (1, 0, 1)   2+2i    2  1  2.6470e-23    6.2138e-06    2.3475e+17  
c8    (1, 0, 1)   2+2i    2  3  2.6470e-23    6.2138e-06    2.3475e+17  
c8    (0, 1, 1)   1       3  2  1.0511e-04    4.6271e-04    4.4020e+00  
c8    (0, 1, 1)   1       1  1  5.8197e-05    8.8090e-04    1.5137e+01  
c8    (0, 1, 1)   1       3  3  6.4678e-05    8.3364e-04    1.2889e+01  
c8    (0, 1, 1)   1       2  2  6.4678e-05    8.3364e-04    1.2889e+01  
c8    (0, 1, 1)   1       2  3  1.0511e-04    4.6271e-04    4.4020e+00  
c8    (0, 1, 1)   0.37    3  2  6.6349e-04    3.4607e-03    5.2159e+00  
c8    (0, 1, 1)   0.37    1  1  3.6130e-04    6.6130e-03    1.8303e+01  
c8    (0, 1, 1)   0.37    3  3  2.4294e-04    6.2954e-03    2.5913e+01  
c8    (0, 1, 1)   0.37    2  2  2.4294e-04    6.2954e-03    2.5913e+01  
c8    (0, 1, 1)   0.37    2  3  6.6349e-04    3.4607e-03    5.2159e+00  
c8    (0, 1, 1)   3       3  2  2.4890e-05    4.1009e-05    1.6476e+00  
c8    (0, 1, 1)   3       1  2  4.2352e-22    3.3033e-05    7.7997e+16  
c8    (0, 1, 1)   3       1  1  3.9842e-05    7.6199e-05    1.9125e+00  
c8    (0, 1, 1)   3       3  3  2.3828e-05    6.8164e-05    2.8607e+00  
c8    (0, 1, 1)   3       1  3  4.2352e-22    3.3033e-05    7.7997e+16  
c8    (0, 1, 1)   3       2  2  2.3828e-05    6.8164e-05    2.8607e+00  
c8    (0, 1, 1)   3       2  3  2.4890e-05    4.1009e-05    1.6476e+00  
c8    (0, 1, 1)   1+0.1i  3  2  1.0275e-04    4.1386e-04    4.0278e+00  
c8    (0, 1, 1)   1+0.1i  1  1  6.1918e-05    7.8390e-04    1.2660e+01  
c8    (0, 1, 1)   1+0.1i  3  3  5.7159e-05    7.3785e-04    1.2909e+01  
c8    (0, 1, 1)   1+0.1i  2  2  5.7159e-05    7.3785e-04    1.2909e+01  
c8    (0, 1, 1)   1+0.1i  2  3  1.0275e-04    4.1386e-04    4.0278e+00  
c8    (0, 1, 1)   1+1i    3  2  4.2071e-05    9.2662e-05    2.2025e+00  
c8    (0, 1, 1)   1+1i    1  1  3.7094e-05    1.6524e-04    4.4547e+00  
c8    (0, 1, 1)   1+1i    3  3  1.1388e-05    1.4631e-04    1.2848e+01  
c8    (0, 1, 1)   1+1i    2  2  1.1388e-05    1.4631e-04    1.2848e+01  
c8    (0, 1, 1)   1+1i    2  3  4.2071e-05    9.2662e-05    2.2025e+00  
c8    (0, 1, 1)   0.5+2i  3  2  1.4057e-05    2.1852e-05    1.5545e+00  
c8    (0, 1, 1)   0.5+2i  1  2  4.2352e-22    1.3648e-05    3.2225e+16  
c8    (0, 1, 1)   0.5+2i  1  1  1.4180e-05    3.5874e-05    2.5300e+00  
c8    (0, 1, 1)   0.5+2i  3  3  2.1512e-06    2.9357e-05    1.3647e+01  
c8    (0, 1, 1)   0.5+2i  2  2  2.1512e-06    2.9357e-05    1.3647e+01  
c8    (0, 1, 1)   0.5+2i  2  3  1.4057e-05    2.1852e-05    1.5545e+00  
c8    (0, 1, 1)   2+2i    3  2  7.8682e-06    1.0469e-05    1.3305e+00  
c8    (0, 1, 1)   2+2i    1  2  2.6470e-23    6.2138e-06    2.3475e+17  
c8    (0, 1, 1)   2+2i    1  1  9.2743e-06    1.6855e-05    1.8174e+00  
c8    (0, 1, 1)   2+2i    3  3  3.1998e-06    1.3507e-05    4.2212e+00  
c8    (0, 1, 1)   2+2i    1  3  2.6470e-23    6.2138e-06    2.3475e+17  
c8    (0, 1, 1)   2+2i    2  2  3.1998e-06    1.3507e-05    4.2212e+00  
c8    (0, 1, 1)   2+2i    2  3  7.8682e-06    1.0469e-05    1.3305e+00  
c8    (1, 1, 1)   1       3  2  4.1647e-05    3.4999e-04    8.4037e+00  
c8    (1, 1, 1)   1       1  2  4.1647e-05    3.4999e-04    8.4037e+00  
c8    (1, 1, 1)   1       3  1  4.1647e-05    3.4999e-04    8.4037e+00  
c8    (1, 1, 1)   1       1  1  3.5069e-05    6.8958e-04    1.9664e+01  
c8    (1, 1, 1)   1       3  3  3.5069e-05    6.8958e-04    1.9664e+01  
c8    (1, 1, 1)   1       1  3  4.1647e-05    3.4999e-04    8.4037e+00  
c8    (1, 1, 1)   1       2  2  3.5069e-05    6.8958e-04    1.9664e+01  
c8    (1, 1, 1)   1       2  1  4.1647e-05    3.4999e-04    8.4037e+00  
c8    (1, 1, 1)   1       2  3  4.1647e-05    3.4999e-04    8.4037e+00  
c8    (1, 1, 1)   0.37    3  2  2.3738e-04    2.6387e-03    1.1116e+01  
c8    (1, 1, 1)   0.37    1  2  2.3738e-04    2.6387e-03    1.1116e+01  
c8    (1, 1, 1)   0.37    3  1  2.3738e-04    2.6387e-03    1.1116e+01  
c8    (1, 1, 1)   0.37    1  1  3.6725e-05    5.2023e-03    1.4165e+02  
c8    (1, 1, 1)   0.37    3  3  3.6725e-05    5.2023e-03    1.4165e+02  
c8    (1, 1, 1)   0.37    1  3  2.3738e-04    2.6387e-03    1.1116e+01  
c8    (1, 1, 1)   0.37    2  2  3.6725e-05    5.2023e-03    1.4165e+02  
c8    (1, 1, 1)   0.37    2  1  2.3738e-04    2.6387e-03    1.1116e+01  
c8    (1, 1, 1)   0.37    2  3  2.3738e-04    2.6387e-03    1.1116e+01  
c8    (1, 1, 1)   3       3  2  1.2615e-05    2.8862e-05    2.2879e+00  
c8    (1, 1, 1)   3       1  2  1.2615e-05    2.8862e-05    2.2879e+00  
c8    (1, 1, 1)   3       3  1  1.2615e-05    2.8862e-05    2.2879e+00  
c8    (1, 1, 1)   3       1  1  2.2711e-05    5.6881e-05    2.5045e+00  
c8    (1, 1, 1)   3       3  3  2.2711e-05    5.6881e-05    2.5045e+00  
c8    (1, 1, 1)   3       1  3  1.2615e-05    2.8862e-05    2.2879e+00  
c8    (1, 1, 1)   3       2  2  2.2711e-05    5.6881e-05    2.5045e+00  
c8    (1, 1, 1)   3       2  1  1.2615e-05    2.8862e-05    2.2879e+00  
c8    (1, 1, 1)   3       2  3  1.2615e-05    2.8862e-05    2.2879e+00  
c8    (1, 1, 1)   1+0.1i  3  2  4.0138e-05    3.0315e-04    7.5526e+00  
c8    (1, 1, 1)   1+0.1i  1  2  4.0138e-05    3.0315e-04    7.5526e+00  
c8    (1, 1, 1)   1+0.1i  3  1  4.0138e-05    3.0315e-04    7.5526e+00  
c8    (1, 1, 1)   1+0.1i  1  1  3.0630e-05    5.9599e-04    1.9458e+01  
c8    (1, 1, 1)   1+0.1i  3  3  3.0630e-05    5.9599e-04    1.9458e+01  
c8    (1, 1, 1)   1+0.1i  1  3  4.0138e-05    3.0315e-04    7.5526e+00  
c8    (1, 1, 1)   1+0.1i  2  2  3.0630e-05    5.9599e-04    1.9458e+01  
c8    (1, 1, 1)   1+0.1i  2  1  4.0138e-05    3.0315e-04    7.5526e+00  
c8    (1, 1, 1)   1+0.1i  2  3  4.0138e-05    3.0315e-04    7.5526e+00  
c8    (1, 1, 1)   1+1i    3  2  1.4148e-05    5.0096e-05    3.5409e+00  
c8    (1, 1, 1)   1+1i    1  2  1.4148e-05    5.0096e-05    3.5409e+00  
c8    (1, 1, 1)   1+1i    3  1  1.4148e-05    5.0096e-05    3.5409e+00  
c8    (1, 1, 1)   1+1i    1  1  9.5167e-06    9.5495e-05    1.0034e+01  
c8    (1, 1, 1)   1+1i    3  3  9.5167e-06    9.5495e-05    1.0034e+01  
c8    (1, 1, 1)   1+1i    1  3  1.4148e-05    5.0096e-05    3.5409e+00  
c8    (1, 1, 1)   1+1i    2  2  9.5167e-06    9.5495e-05    1.0034e+01  
c8    (1, 1, 1)   1+1i    2  1  1.4148e-05    5.0096e-05    3.5409e+00  
c8    (1, 1, 1)   1+1i    2  3  1.4148e-05    5.0096e-05    3.5409e+00  
c8    (1, 1, 1)   0.5+2i  3  2  3.8549e-06    8.4171e-06    2.1835e+00  
c8    (1, 1, 1)   0.5+2i  1  2  3.8549e-06    8.4171e-06    2.1835e+00  
c8    (1, 1, 1)   0.5+2i  3  1  3.8549e-06    8.4171e-06    2.1835e+00  
c8    (1, 1, 1)   0.5+2i  1  1  3.0034e-06    1.5136e-05    5.0395e+00  
c8    (1, 1, 1)   0.5+2i  3  3  3.0034e-06    1.5136e-05    5.0395e+00  
c8    (1, 1, 1)   0.5+2i  1  3  3.8549e-06    8.4171e-06    2.1835e+00  
c8    (1, 1, 1)   0.5+2i  2  2  3.0034e-06    1.5136e-05    5.0395e+00  
c8    (1, 1, 1)   0.5+2i  2  1  3.8549e-06    8.4171e-06    2.1835e+00  
c8    (1, 1, 1)   0.5+2i  2  3  3.8549e-06    8.4171e-06    2.1835e+00  
c8    (1, 1, 1)   2+2i    3  2  2.2202e-06    3.8618e-06    1.7394e+00  
c8    (1, 1, 1)   2+2i    1  2  2.2202e-06    3.8618e-06    1.7394e+00  
c8    (1, 1, 1)   2+2i    3  1  2.2202e-06    3.8618e-06    1.7394e+00  
c8    (1, 1, 1)   2+2i    1  1  2.4452e-06    6.8799e-06    2.8136e+00  
c8    (1, 1, 1)   2+2i    3  3  2.4452e-06    6.8799e-06    2.8136e+00  
c8    (1, 1, 1)   2+2i    1  3  2.2202e-06    3.8618e-06    1.7394e+00  
c8    (1, 1, 1)   2+2i    2  2  2.4452e-06    6.8799e-06    2.8136e+00  
c8    (1, 1, 1)   2+2i    2  1  2.2202e-06    3.8618e-06    1.7394e+00  
c8    (1, 1, 1)   2+2i    2  3  2.2202e-06    3.8618e-06    1.7394e+00  
c4    (0, 0, 0)   1       1  1  1.3061e-02    1.7996e-02    1.3779e+00  
c4    (0, 0, 0)   1       3  3  1.3061e-02    1.7996e-02    1.3779e+00  
c4    (0, 0, 0)   1       2  2  1.3061e-02    1.7996e-02    1.3779e+00  
c4    (0, 0, 0)   0.37    1  1  7.9723e-02    1.3875e-01    1.7404e+00  
c4    (0, 0, 0)   0.37    3  3  7.9723e-02    1.3875e-01    1.7404e+00  
c4    (0, 0, 0)   0.37    2  2  7.9723e-02    1.3875e-01    1.7404e+00  
c4    (0, 0, 0)   3       1  1  1.1482e-03    1.2496e-03    1.0883e+00  
c4    (0, 0, 0)   3       3  3  1.1482e-03    1.2496e-03    1.0883e+00  
c4    (0, 0, 0)   3       2  2  1.1482e-03    1.2496e-03    1.0883e+00  
c4    (0, 0, 0)   1+0.1i  1  1  1.2349e-02    1.6463e-02    1.3331e+00  
c4    (0, 0, 0)   1+0.1i  3  3  1.2349e-02    1.6463e-02    1.3331e+00  
c4    (0, 0, 0)   1+0.1i  2  2  1.2349e-02    1.6463e-02    1.3331e+00  
c4    (0, 0, 0)   1+1i    1  1  4.3649e-03    4.7901e-03    1.0974e+00  
c4    (0, 0, 0)   1+1i    3  3  4.3649e-03    4.7901e-03    1.0974e+00  
c4    (0, 0, 0)   1+1i    2  2  4.3649e-03    4.7901e-03    1.0974e+00  
c4    (0, 0, 0)   0.5+2i  1  1  1.5159e-03    1.5691e-03    1.0351e+00  
c4    (0, 0, 0)   0.5+2i  3  3  1.5159e-03    1.5691e-03    1.0351e+00  
c4    (0, 0, 0)   0.5+2i  2  2  1.5159e-03    1.5691e-03    1.0351e+00  
c4    (0, 0, 0)   2+2i    1  1  7.2992e-04    7.3038e-04    1.0006e+00  
c4    (0, 0, 0)   2+2i    3  3  7.2992e-04    7.3038e-04    1.0006e+00  
c4    (0, 0, 0)   2+2i    2  2  7.2992e-04    7.3038e-04    1.0006e+00  
c4    (1, 0, 0)   1       1  1  3.4336e-03    7.5998e-03    2.2133e+00  
c4    (1, 0, 0)   1       3  3  2.0735e-03    9.9701e-03    4.8083e+00  
c4    (1, 0, 0)   1       2  2  2.0735e-03    9.9701e-03    4.8083e+00  
c4    (1, 0, 0)   0.37    1  1  1.7661e-02    6.3953e-02    3.6211e+00  
c4    (1, 0, 0)   0.37    3  3  6.4697e-03    7.8995e-02    1.2210e+01  
c4    (1, 0, 0)   0.37    2  2  6.4697e-03    7.8995e-02    1.2210e+01  
c4    (1, 0, 0)   3       1  1  2.2789e-04    2.2927e-04    1.0061e+00  
c4    (1, 0, 0)   3       3  3  3.9511e-04    5.9636e-04    1.5094e+00  
c4    (1, 0, 0)   3       2  2  3.9511e-04    5.9636e-04    1.5094e+00  
c4    (1, 0, 0)   1+0.1i  1  1  3.0225e-03    6.3364e-03    2.0964e+00  
c4    (1, 0, 0)   1+0.1i  3  3  1.9661e-03    8.6006e-03    4.3743e+00  
c4    (1, 0, 0)   1+0.1i  2  2  1.9661e-03    8.6006e-03    4.3743e+00  
c4    (1, 0, 0)   1+1i    1  1  6.3597e-04    8.7180e-04    1.3708e+00  
c4    (1, 0, 0)   1+1i    3  3  8.1594e-04    1.7365e-03    2.1282e+00  
c4    (1, 0, 0)   1+1i    2  2  8.1594e-04    1.7365e-03    2.1282e+00  
c4    (1, 0, 0)   0.5+2i  1  1  1.4618e-04    1.6612e-04    1.1364e+00  
c4    (1, 0, 0)   0.5+2i  3  3  3.0218e-04    4.8313e-04    1.5988e+00  
c4    (1, 0, 0)   0.5+2i  2  2  3.0218e-04    4.8313e-04    1.5988e+00  
c4    (1, 0, 0)   2+2i    1  1  5.9551e-05    6.0191e-05    1.0107e+00  
c4    (1, 0, 0)   2+2i    3  3  1.6642e-04    2.1667e-04    1.3020e+00  
c4    (1, 0, 0)   2+2i    2  2  1.6642e-04    2.1667e-04    1.3020e+00  
c4    (0, 1, 0)   1       1  1  2.0735e-03    9.9701e-03    4.8083e+00  
c4    (0, 1, 0)   1       3  3  2.0735e-03    9.9701e-03    4.8083e+00  
c4    (0, 1, 0)   1       2  2  3.4336e-03    7.5998e-03    2.2133e+00  
c4    (0, 1, 0)   0.37    1  1  6.4697e-03    7.8995e-02    1.2210e+01  
c4    (0, 1, 0)   0.37    3  3  6.4697e-03    7.8995e-02    1.2210e+01  
c4    (0, 1, 0)   0.37    2  2  1.7661e-02    6.3953e-02    3.6211e+00  
c4    (0, 1, 0)   3       1  1  3.9511e-04    5.9636e-04    1.5094e+00  
c4    (0, 1, 0)   3       3  3  3.9511e-04    5.9636e-04    1.5094e+00  
c4    (0, 1, 0)   3       2  2  2.2789e-04    2.2927e-04    1.0061e+00  
c4    (0, 1, 0)   1+0.1i  1  1  1.9661e-03    8.6006e-03    4.3743e+00  
c4    (0, 1, 0)   1+0.1i  3  3  1.9661e-03    8.6006e-03    4.3743e+00  
c4    (0, 1, 0)   1+0.1i  2  2  3.0225e-03    6.3364e-03    2.0964e+00  
c4    (0, 1, 0)   1+1i    1  1  8.1594e-04    1.7365e-03    2.1282e+00  
c4    (0, 1, 0)   1+1i    3  3  8.1594e-04    1.7365e-03    2.1282e+00  
c4    (0, 1, 0)   1+1i    2  2  6.3597e-04    8.7180e-04    1.3708e+00  
c4    (0, 1, 0)   0.5+2i  1  1  3.0218e-04    4.8313e-04    1.5988e+00  
c4    (0, 1, 0)   0.5+2i  3  3  3.0218e-04    4.8313e-04    1.5988e+00  
c4    (0, 1, 0)   0.5+2i  2  2  1.4618e-04    1.6612e-04    1.1364e+00  
c4    (0, 1, 0)   2+2i    1  1  1.6642e-04    2.1667e-04    1.3020e+00  
c4    (0, 1, 0)   2+2i    3  3  1.6642e-04    2.1667e-04    1.3020e+00  
c4    (0, 1, 0)   2+2i    2  2  5.9551e-05    6.0191e-05    1.0107e+00  
c4    (1, 1, 0)   1       1  2  1.2926e-03    3.4060e-03    2.6350e+00  
c4    (1, 1, 0)   1       1  1  1.1320e-03    5.9421e-03    5.2490e+00  
c4    (1, 1, 0)   1       3  3  1.5966e-03    6.4112e-03    4.0154e+00  
c4    (1, 1, 0)   1       2  2  1.1320e-03    5.9421e-03    5.2490e+00  
c4    (1, 1, 0)   1       2  1  1.2926e-03    3.4060e-03    2.6350e+00  
c4    (1, 1, 0)   0.37    1  2  5.6775e-03    2.7377e-02    4.8219e+00  
c4    (1, 1, 0)   0.37    1  1  2.8839e-03    4.9572e-02    1.7189e+01  
c4    (1, 1, 0)   0.37    3  3  2.6922e-03    5.2220e-02    1.9397e+01  
c4    (1, 1, 0)   0.37    2  2  2.8839e-03    4.9572e-02    1.7189e+01  
c4    (1, 1, 0)   0.37    2  1  5.6775e-03    2.7377e-02    4.8219e+00  
c4    (1, 1, 0)   3       1  2  1.2606e-04    1.3416e-04    1.0642e+00  
c4    (1, 1, 0)   3       3  1  3.3881e-21    8.1972e-05    2.4194e+16  
c4    (1, 1, 0)   3       1  1  1.3509e-04    2.0730e-04    1.5345e+00  
c4    (1, 1, 0)   3       3  3  2.5953e-04    2.8449e-04    1.0962e+00  
c4    (1, 1, 0)   3       2  2  1.3509e-04    2.0730e-04    1.5345e+00  
c4    (1, 1, 0)   3       2  1  1.2606e-04    1.3416e-04    1.0642e+00  
c4    (1, 1, 0)   1+0.1i  3  2  1.3553e-20    2.3031e-03    1.6994e+17  
c4    (1, 1, 0)   1+0.1i  1  2  1.1509e-03    2.7569e-03    2.3955e+00  
c4    (1, 1, 0)   1+0.1i  3  1  1.3553e-20    2.3031e-03    1.6994e+17  
c4    (1, 1, 0)   1+0.1i  1  1  8.8528e-04    4.7041e-03    5.3138e+00  
c4    (1, 1, 0)   1+0.1i  3  3  1.3651e-03    5.1292e-03    3.7573e+00  
c4    (1, 1, 0)   1+0.1i  2  2  8.8528e-04    4.7041e-03    5.3138e+00  
c4    (1, 1, 0)   1+0.1i  2  1  1.1509e-03    2.7569e-03    2.3955e+00  
c4    (1, 1, 0)   1+1i    3  2  8.4703e-22    1.9884e-04    2.3475e+17  
c4    (1, 1, 0)   1+1i    1  2  2.5178e-04    3.3500e-04    1.3305e+00  
c4    (1, 1, 0)   1+1i    3  1  8.4703e-22    1.9884e-04    2.3475e+17  
c4    (1, 1, 0)   1+1i    1  1  1.0239e-04    4.3223e-04    4.2212e+00  
c4    (1, 1, 0)   1+1i    3  3  2.9678e-04    5.3936e-04    1.8174e+00  
c4    (1, 1, 0)   1+1i    2  2  1.0239e-04    4.3223e-04    4.2212e+00  
c4    (1, 1, 0)   1+1i    2  1  2.5178e-04    3.3500e-04    1.3305e+00  
c4    (1, 1, 0)   0.5+2i  1  2  5.7267e-05    6.3167e-05    1.1030e+00  
c4    (1, 1, 0)   0.5+2i  1  1  2.1667e-05    6.1987e-05    2.8609e+00  
c4    (1, 1, 0)   0.5+2i  3  3  6.8866e-05    8.8840e-05    1.2900e+00  
c4    (1, 1, 0)   0.5+2i  2  2  2.1667e-05    6.1987e-05    2.8609e+00  
c4    (1, 1, 0)   0.5+2i  2  1  5.7267e-05    6.3167e-05    1.1030e+00  
c4    (1, 1, 0)   2+2i    1  2  2.3664e-05    2.3803e-05    1.0059e+00  
c4    (1, 1, 0)   2+2i    1  1  1.3568e-05    2.1391e-05    1.5766e+00  
c4    (1, 1, 0)   2+2i    3  3  3.2060e-05    3.2677e-05    1.0192e+00  
c4    (1, 1, 0)   2+2i    2  2  1.3568e-05    2.1391e-05    1.5766e+00  
c4    (1, 1, 0)   2+2i    2  1  2.3664e-05    2.3803e-05    1.0059e+00  
c4    (0, 0, 1)   1       1  1  2.0735e-03    9.9701e-03    4.8083e+00  
c4    (0, 0, 1)   1       3  3  3.4336e-03    7.5998e-03    2.2133e+00  
c4    (0, 0, 1)   1       2  2  2.0735e-03    9.9701e-03    4.8083e+00  
c4    (0, 0, 1)   0.37    1  1  6.4697e-03    7.8995e-02    1.2210e+01  
c4    (0, 0, 1)   0.37    3  3  1.7661e-02    6.3953e-02    3.6211e+00  
c4    (0, 0, 1)   0.37    2  2  6.4697e-03    7.8995e-02    1.2210e+01  
c4    (0, 0, 1)   3       1  1  3.9511e-04    5.9636e-04    1.5094e+00  
c4    (0, 0, 1)   3       3  3  2.2789e-04    2.2927e-04    1.0061e+00  
c4    (0, 0, 1)   3       2  2  3.9511e-04    5.9636e-04    1.5094e+00  
c4    (0, 0, 1)   1+0.1i  1  1  1.9661e-03    8.6006e-03    4.3743e+00  
c4    (0, 0, 1)   1+0.1i  3  3  3.0225e-03    6.3364e-03    2.0964e+00  
c4    (0, 0, 1)   1+0.1i  2  2  1.9661e-03    8.6006e-03    4.3743e+00  
c4    (0, 0, 1)   1+1i    1  1  8.1594e-04    1.7365e-03    2.1282e+00  
c4    (0, 0, 1)   1+1i    3  3  6.3597e-04    8.7180e-04    1.3708e+00  
c4    (0, 0, 1)   1+1i    2  2  8.1594e-04    1.7365e-03    2.1282e+00  
c4    (0, 0, 1)   0.5+2i  1  1  3.0218e-04    4.8313e-04    1.5988e+00  
c4    (0, 0, 1)   0.5+2i  3  3  1.4618e-04    1.6612e-04    1.1364e+00  
c4    (0, 0, 1)   0.5+2i  2  2  3.0218e-04    4.8313e-04    1.5988e+00  
c4    (0, 0, 1)   2+2i    1  1  1.6642e-04    2.1667e-04    1.3020e+00  
c4    (0, 0, 1)   2+2i    3  3  5.9551e-05    6.0191e-05    1.0107e+00  
c4    (0, 0, 1)   2+2i    2  2  1.6642e-04    2.1667e-04    1.3020e+00  
c4    (1, 0, 1)   1       3  1  1.2926e-03    3.4060e-03    2.6350e+00  
c4    (1, 0, 1)   1       1  1  1.1320e-03    5.9421e-03    5.2490e+00  
c4    (1, 0, 1)   1       3  3  1.1320e-03    5.9421e-03    5.2490e+00  
c4    (1, 0, 1)   1       1  3  1.2926e-03    3.4060e-03    2.6350e+00  
c4    (1, 0, 1)   1       2  2  1.5966e-03    6.4112e-03    4.0154e+00  
c4    (1, 0, 1)   0.37    3  1  5.6775e-03    2.7377e-02    4.8219e+00  
c4    (1, 0, 1)   0.37    1  1  2.8839e-03    4.9572e-02    1.7189e+01  
c4    (1, 0, 1)   0.37    3  3  2.8839e-03    4.9572e-02    1.7189e+01  
c4    (1, 0, 1)   0.37    1  3  5.6775e-03    2.7377e-02    4.8219e+00  
c4    (1, 0, 1)   0.37    2  2  2.6922e-03    5.2220e-02    1.9397e+01  
c4    (1, 0, 1)   3       3  1  1.2606e-04    1.3416e-04    1.0642e+00  
c4    (1, 0, 1)   3       1  1  1.3509e-04    2.0730e-04    1.5345e+00  
c4    (1, 0, 1)   3       3  3  1.3509e-04    2.0730e-04    1.5345e+00  
c4    (1, 0, 1)   3       1  3  1.2606e-04    1.3416e-04    1.0642e+00  
c4    (1, 0, 1)   3       2  2  2.5953e-04    2.8449e-04    1.0962e+00  
c4    (1, 0, 1)   3       2  3  3.3881e-21    8.1972e-05    2.4194e+16  
c4    (1, 0, 1)   1+0.1i  3  1  1.1509e-03    2.7569e-03    2.3955e+00  
c4    (1, 0, 1)   1+0.1i  1  1  8.8528e-04    4.7041e-03    5.3138e+00  
c4    (1, 0, 1)   1+0.1i  3  3  8.8528e-04    4.7041e-03    5.3138e+00  
c4    (1, 0, 1)   1+0.1i  1  3  1.1509e-03    2.7569e-03    2.3955e+00  
c4    (1, 0, 1)   1+0.1i  2  2  1.3651e-03    5.1292e-03    3.7573e+00  
c4    (1, 0, 1)   1+0.1i  2  1  1.3553e-20    2.3031e-03    1.6994e+17  
c4    (1, 0, 1)   1+0.1i  2  3  1.3553e-20    2.3031e-03    1.6994e+17  
c4    (1, 0, 1)   1+1i    3  1  2.5178e-04    3.3500e-04    1.3305e+00  
c4    (1, 0, 1)   1+1i    1  1  1.0239e-04    4.3223e-04    4.2212e+00  
c4    (1, 0, 1)   1+1i    3  3  1.0239e-04    4.3223e-04    4.2212e+00  
c4    (1, 0, 1)   1+1i    1  3  2.5178e-04    3.3500e-04    1.3305e+00  
c4    (1, 0, 1)   1+1i    2  2  2.9678e-04    5.3936e-04    1.8174e+00  
c4    (1, 0, 1)   1+1i    2  1  8.4703e-22    1.9884e-04    2.3475e+17  
c4    (1, 0, 1)   1+1i    2  3  8.4703e-22    1.9884e-04    2.3475e+17  
c4    (1, 0, 1)   0.5+2i  3  1  5.7267e-05    6.3167e-05    1.1030e+00  
c4    (1, 0, 1)   0.5+2i  1  1  2.1667e-05    6.1987e-05    2.8609e+00  
c4    (1, 0, 1)   0.5+2i  3  3  2.1667e-05    6.1987e-05    2.8609e+00  
c4    (1, 0, 1)   0.5+2i  1  3  5.7267e-05    6.3167e-05    1.1030e+00  
c4    (1, 0, 1)   0.5+2i  2  2  6.8866e-05    8.8840e-05    1.2900e+00  
c4    (1, 0, 1)   2+2i    3  1  2.3664e-05    2.3803e-05    1.0059e+00  
c4    (1, 0, 1)   2+2i    1  1  1.3568e-05    2.1391e-05    1.5766e+00  
c4    (1, 0, 1)   2+2i    3  3  1.3568e-05    2.1391e-05    1.5766e+00  
c4    (1, 0, 1)   2+2i    1  3  2.3664e-05    2.3803e-05    1.0059e+00  
c4    (1, 0, 1)   2+2i    2  2  3.2060e-05    3.2677e-05    1.0192e+00  
c4    (0, 1, 1)   1       3  2  1.2926e-03    3.4060e-03    2.6350e+00  
c4    (0, 1, 1)   1       1  1  1.5966e-03    6.4112e-03    4.0154e+00  
c4    (0, 1, 1)   1       3  3  1.1320e-03    5.9421e-03    5.2490e+00  
c4    (0, 1, 1)   1       2  2  1.1320e-03    5.9421e-03    5.2490e+00  
c4    (0, 1, 1)   1       2  3  1.2926e-03    3.4060e-03    2.6350e+00  
c4    (0, 1, 1)   0.37    3  2  5.6775e-03    2.7377e-02    4.8219e+00  
c4    (0, 1, 1)   0.37    1  1  2.6922e-03    5.2220e-02    1.9397e+01  
c4    (0, 1, 1)   0.37    3  3  2.8839e-03    4.9572e-02    1.7189e+01  
c4    (0, 1, 1)   0.37    2  2  2.8839e-03    4.9572e-02    1.7189e+01  
c4    (0, 1, 1)   0.37    2  3  5.6775e-03    2.7377e-02    4.8219e+00  
c4    (0, 1, 1)   3       3  2  1.2606e-04    1.3416e-04    1.0642e+00  
c4    (0, 1, 1)   3       1  2  3.3881e-21    8.1972e-05    2.4194e+16  
c4    (0, 1, 1)   3       1  1  2.5953e-04    2.8449e-04    1.0962e+00  
c4    (0, 1, 1)   3       3  3  1.3509e-04    2.0730e-04    1.5345e+00  
c4    (0, 1, 1)   3       2  2  1.3509e-04    2.0730e-04    1.5345e+00  
c4    (0, 1, 1)   3       2  3  1.2606e-04    1.3416e-04    1.0642e+00  
c4    (0, 1, 1)   1+0.1i  3  2  1.1509e-03    2.7569e-03    2.3955e+00  
c4    (0, 1, 1)   1+0.1i  1  2  1.3553e-20    2.3031e-03    1.6994e+17  
c4    (0, 1, 1)   1+0.1i  1  1  1.3651e-03    5.1292e-03    3.7573e+00  
c4    (0, 1, 1)   1+0.1i  3  3  8.8528e-04    4.7041e-03    5.3138e+00  
c4    (0, 1, 1)   1+0.1i  1  3  1.3553e-20    2.3031e-03    1.6994e+17  
c4    (0, 1, 1)   1+0.1i  2  2  8.8528e-04    4.7041e-03    5.3138e+00  
c4    (0, 1, 1)   1+0.1i  2  3  1.1509e-03    2.7569e-03    2.3955e+00  
c4    (0, 1, 1)   1+1i    3  2  2.5178e-04    3.3500e-04    1.3305e+00  
c4    (0, 1, 1)   1+1i    1  2  8.4703e-22    1.9884e-04    2.3475e+17  
c4    (0, 1, 1)   1+1i    1  1  2.9678e-04    5.3936e-04    1.8174e+00  
c4    (0, 1, 1)   1+1i    3  3  1.0239e-04    4.3223e-04    4.2212e+00  
c4    (0, 1, 1)   1+1i    1  3  8.4703e-22    1.9884e-04    2.3475e+17  
c4    (0, 1, 1)   1+1i    2  2  1.0239e-04    4.3223e-04    4.2212e+00  
c4    (0, 1, 1)   1+1i    2  3  2.5178e-04    3.3500e-04    1.3305e+00  
c4    (0, 1, 1)   0.5+2i  3  2  5.7267e-05    6.3167e-05    1.1030e+00  
c4    (0, 1, 1)   0.5+2i  1  1  6.8866e-05    8.8840e-05    1.2900e+00  
c4    (0, 1, 1)   0.5+2i  3  3  2.1667e-05    6.1987e-05    2.8609e+00  
c4    (0, 1, 1)   0.5+2i  2  2  2.1667e-05    6.1987e-05    2.8609e+00  
c4    (0, 1, 1)   0.5+2i  2  3  5.7267e-05    6.3167e-05    1.1030e+00  
c4    (0, 1, 1)   2+2i    3  2  2.3664e-05    2.3803e-05    1.0059e+00  
c4    (0, 1, 1)   2+2i    1  1  3.2060e-05    3.2677e-05    1.0192e+00  
c4    (0, 1, 1)   2+2i    3  3  1.3568e-05    2.1391e-05    1.5766e+00  
c4    (0, 1, 1)   2+2i    2  2  1.3568e-05    2.1391e-05    1.5766e+00  
c4    (0, 1, 1)   2+2i    2  3  2.3664e-05    2.3803e-05    1.0059e+00  
c4    (1, 1, 1)   1       3  2  6.1124e-04    2.5064e-03    4.1005e+00  
c4    (1, 1, 1)   1       1  2  6.1124e-04    2.5064e-03    4.1005e+00  
c4    (1, 1, 1)   1       3  1  6.1124e-04    2.5064e-03    4.1005e+00  
c4    (1, 1, 1)   1       1  1  9.5485e-04    4.9323e-03    5.1656e+00  
c4    (1, 1, 1)   1       3  3  9.5485e-04    4.9323e-03    5.1656e+00  
c4    (1, 1, 1)   1       1  3  6.1124e-04    2.5064e-03    4.1005e+00  
c4    (1, 1, 1)   1       2  2  9.5485e-04    4.9323e-03    5.1656e+00  
c4    (1, 1, 1)   1       2  1  6.1124e-04    2.5064e-03    4.1005e+00  
c4    (1, 1, 1)   1       2  3  6.1124e-04    2.5064e-03    4.1005e+00  
c4    (1, 1, 1)   0.37    3  2  2.1342e-03    2.0795e-02    9.7435e+00  
c4    (1, 1, 1)   0.37    1  2  2.1342e-03    2.0795e-02    9.7435e+00  
c4    (1, 1, 1)   0.37    3  1  2.1342e-03    2.0795e-02    9.7435e+00  
c4    (1, 1, 1)   0.37    1  1  1.1497e-03    4.0984e-02    3.5648e+01  
c4    (1, 1, 1)   0.37    3  3  1.1497e-03    4.0984e-02    3.5648e+01  
c4    (1, 1, 1)   0.37    1  3  2.1342e-03    2.0795e-02    9.7435e+00  
c4    (1, 1, 1)   0.37    2  2  1.1497e-03    4.0984e-02    3.5648e+01  
c4    (1, 1, 1)   0.37    2  1  2.1342e-03    2.0795e-02    9.7435e+00  
c4    (1, 1, 1)   0.37    2  3  2.1342e-03    2.0795e-02    9.7435e+00  
c4    (1, 1, 1)   3       3  2  7.3648e-05    7.8172e-05    1.0614e+00  
c4    (1, 1, 1)   3       1  2  7.3648e-05    7.8172e-05    1.0614e+00  
c4    (1, 1, 1)   3       3  1  7.3648e-05    7.8172e-05    1.0614e+00  
c4    (1, 1, 1)   3       1  1  1.5119e-04    1.7132e-04    1.1332e+00  
c4    (1, 1, 1)   3       3  3  1.5119e-04    1.7132e-04    1.1332e+00  
c4    (1, 1, 1)   3       1  3  7.3648e-05    7.8172e-05    1.0614e+00  
c4    (1, 1, 1)   3       2  2  1.5119e-04    1.7132e-04    1.1332e+00  
c4    (1, 1, 1)   3       2  1  7.3648e-05    7.8172e-05    1.0614e+00  
c4    (1, 1, 1)   3       2  3  7.3648e-05    7.8172e-05    1.0614e+00  
c4    (1, 1, 1)   1+0.1i  3  2  5.1225e-04    1.9005e-03    3.7100e+00  
c4    (1, 1, 1)   1+0.1i  1  2  5.1225e-04    1.9005e-03    3.7100e+00  
c4    (1, 1, 1)   1+0.1i  3  1  5.1225e-04    1.9005e-03    3.7100e+00  
c4    (1, 1, 1)   1+0.1i  1  1  7.2846e-04    3.7200e-03    5.1067e+00  
c4    (1, 1, 1)   1+0.1i  3  3  7.2846e-04    3.7200e-03    5.1067e+00  
c4    (1, 1, 1)   1+0.1i  1  3  5.1225e-04    1.9005e-03    3.7100e+00  
c4    (1, 1, 1)   1+0.1i  2  2  7.2846e-04    3.7200e-03    5.1067e+00  
c4    (1, 1, 1)   1+0.1i  2  1  5.1225e-04    1.9005e-03    3.7100e+00  
c4    (1, 1, 1)   1+0.1i  2  3  5.1225e-04    1.9005e-03    3.7100e+00  
c4    (1, 1, 1)   1+1i    3  2  7.1047e-05    1.2358e-04    1.7394e+00  
c4    (1, 1, 1)   1+1i    1  2  7.1047e-05    1.2358e-04    1.7394e+00  
c4    (1, 1, 1)   1+1i    3  1  7.1047e-05    1.2358e-04    1.7394e+00  
c4    (1, 1, 1)   1+1i    1  1  7.8248e-05    2.2016e-04    2.8136e+00  
c4    (1, 1, 1)   1+1i    3  3  7.8248e-05    2.2016e-04    2.8136e+00  
c4    (1, 1, 1)   1+1i    1  3  7.1047e-05    1.2358e-04    1.7394e+00  
c4    (1, 1, 1)   1+1i    2  2  7.8248e-05    2.2016e-04    2.8136e+00  
c4    (1, 1, 1)   1+1i    2  1  7.1047e-05    1.2358e-04    1.7394e+00  
c4    (1, 1, 1)   1+1i    2  3  7.1047e-05    1.2358e-04    1.7394e+00  
c4    (1, 1, 1)   0.5+2i  3  2  1.0474e-05    1.3015e-05    1.2426e+00  
c4    (1, 1, 1)   0.5+2i  1  2  1.0474e-05    1.3015e-05    1.2426e+00  
c4    (1, 1, 1)   0.5+2i  3  1  1.0474e-05    1.3015e-05    1.2426e+00  
c4    (1, 1, 1)   0.5+2i  1  1  1.1735e-05    1.9913e-05    1.6969e+00  
c4    (1, 1, 1)   0.5+2i  3  3  1.1735e-05    1.9913e-05    1.6969e+00  
c4    (1, 1, 1)   0.5+2i  1  3  1.0474e-05    1.3015e-05    1.2426e+00  
c4    (1, 1, 1)   0.5+2i  2  2  1.1735e-05    1.9913e-05    1.6969e+00  
c4    (1, 1, 1)   0.5+2i  2  1  1.0474e-05    1.3015e-05    1.2426e+00  
c4    (1, 1, 1)   0.5+2i  2  3  1.0474e-05    1.3015e-05    1.2426e+00  
c4    (1, 1, 1)   2+2i    3  2  3.8716e-06    4.0052e-06    1.0345e+00  
c4    (1, 1, 1)   2+2i    1  2  3.8716e-06    4.0052e-06    1.0345e+00  
c4    (1, 1, 1)   2+2i    3  1  3.8716e-06    4.0052e-06    1.0345e+00  
c4    (1, 1, 1)   2+2i    1  1  5.4201e-06    5.9768e-06    1.1027e+00  
c4    (1, 1, 1)   2+2i    3  3  5.4201e-06    5.9768e-06    1.1027e+00  
c4    (1, 1, 1)   2+2i    1  3  3.8716e-06    4.0052e-06    1.0345e+00  
c4    (1, 1, 1)   2+2i    2  2  5.4201e-06    5.9768e-06    1.1027e+00  
c4    (1, 1, 1)   2+2i    2  1  3.8716e-06    4.0052e-06    1.0345e+00  
c4    (1, 1, 1)   2+2i    2  3  3.8716e-06    4.0052e-06    1.0345e+00  
sl    (0, 0, 0)   1       1  1  1.7746e-06    2.7379e-05    1.5429e+01  
sl    (0, 0, 0)   1       3  3  2.6763e-07    3.3782e-07    1.2623e+00  
sl    (0, 0, 0)   1       2  2  1.7746e-06    2.7379e-05    1.5429e+01  
sl    (0, 0, 0)   0.37    1  1  1.2958e-05    2.0019e-04    1.5450e+01  
sl    (0, 0, 0)   0.37    3  3  1.9515e-06    2.4686e-06    1.2650e+00  
sl    (0, 0, 0)   0.37    2  2  1.2958e-05    2.0019e-04    1.5450e+01  
sl    (0, 0, 0)   3       1  1  1.9784e-07    3.0146e-06    1.5237e+01  
sl    (0, 0, 0)   3       3  3  3.0195e-08    3.7395e-08    1.2385e+00  
sl    (0, 0, 0)   3       2  2  1.9784e-07    3.0146e-06    1.5237e+01  
sl    (0, 0, 0)   1+0.1i  1  1  1.7570e-06    2.6920e-05    1.5322e+01  
sl    (0, 0, 0)   1+0.1i  3  3  2.6496e-07    3.3301e-07    1.2568e+00  
sl    (0, 0, 0)   1+0.1i  2  2  1.7570e-06    2.6920e-05    1.5322e+01  
sl    (0, 0, 0)   1+1i    1  1  8.8686e-07    1.2781e-05    1.4412e+01  
sl    (0, 0, 0)   1+1i    3  3  1.3350e-07    1.6195e-07    1.2131e+00  
sl    (0, 0, 0)   1+1i    2  2  8.8686e-07    1.2781e-05    1.4412e+01  
sl    (0, 0, 0)   0.5+2i  1  1  4.1675e-07    5.6326e-06    1.3515e+01  
sl    (0, 0, 0)   0.5+2i  3  3  6.2433e-08    7.3367e-08    1.1751e+00  
sl    (0, 0, 0)   0.5+2i  2  2  4.1675e-07    5.6326e-06    1.3515e+01  
sl    (0, 0, 0)   2+2i    1  1  2.2165e-07    2.9804e-06    1.3447e+01  
sl    (0, 0, 0)   2+2i    3  3  3.3314e-08    3.8915e-08    1.1681e+00  
sl    (0, 0, 0)   2+2i    2  2  2.2165e-07    2.9804e-06    1.3447e+01  
sl    (1, 0, 0)   1       1  1  6.2923e-08    1.0758e-05    1.7096e+02  
sl    (1, 0, 0)   1       3  3  5.0052e-08    1.3736e-07    2.7443e+00  
sl    (1, 0, 0)   1       2  2  1.2075e-08    1.0816e-05    8.9576e+02  
sl    (1, 0, 0)   0.37    1  1  4.5736e-07    7.8800e-05    1.7229e+02  
sl    (1, 0, 0)   0.37    3  3  3.6685e-07    1.0043e-06    2.7377e+00  
sl    (1, 0, 0)   0.37    2  2  8.9695e-08    7.9228e-05    8.8330e+02  
sl    (1, 0, 0)   3       1  1  7.2822e-09    1.1647e-06    1.5993e+02  
sl    (1, 0, 0)   3       3  3  5.4304e-09    1.5123e-08    2.7850e+00  
sl    (1, 0, 0)   3       2  2  1.1792e-09    1.1712e-06    9.9321e+02  
sl    (1, 0, 0)   1+0.1i  1  1  6.2283e-08    1.0464e-05    1.6801e+02  
sl    (1, 0, 0)   1+0.1i  3  3  4.9572e-08    1.3454e-07    2.7141e+00  
sl    (1, 0, 0)   1+0.1i  2  2  1.1972e-08    1.0522e-05    8.7893e+02  
sl    (1, 0, 0)   1+0.1i  2  1  2.0680e-25    4.3775e-08    2.1168e+17  
sl    (1, 0, 0)   1+1i    1  1  3.1243e-08    4.5192e-06    1.4465e+02  
sl    (1, 0, 0)   1+1i    3  3  2.5163e-08    6.2028e-08    2.4651e+00  
sl    (1, 0, 0)   1+1i    2  2  6.1972e-09    4.5484e-06    7.3396e+02  
sl    (1, 0, 0)   0.5+2i  1  1  1.4463e-08    1.8024e-06    1.2462e+02  
sl    (1, 0, 0)   0.5+2i  3  3  1.1942e-08    2.6700e-08    2.2357e+00  
sl    (1, 0, 0)   0.5+2i  2  2  3.0506e-09    1.8161e-06    5.9533e+02  
sl    (1, 0, 0)   0.5+2i  2  1  2.0680e-25    7.7737e-09    3.7591e+16  
sl    (1, 0, 0)   2+2i    1  1  7.7579e-09    9.4644e-07    1.2200e+02  
sl    (1, 0, 0)   2+2i    3  3  6.3396e-09    1.4131e-08    2.2291e+00  
sl    (1, 0, 0)   2+2i    2  2  1.6054e-09    9.5374e-07    5.9407e+02  
sl    (0, 1, 0)   1       1  1  1.2075e-08    1.0816e-05    8.9576e+02  
sl    (0, 1, 0)   1       3  3  5.0052e-08    1.3736e-07    2.7443e+00  
sl    (0, 1, 0)   1       2  2  6.2923e-08    1.0758e-05    1.7096e+02  
sl    (0, 1, 0)   0.37    1  1  8.9695e-08    7.9228e-05    8.8330e+02  
sl    (0, 1, 0)   0.37    3  3  3.6685e-07    1.0043e-06    2.7377e+00  
sl    (0, 1, 0)   0.37    2  2  4.5736e-07    7.8800e-05    1.7229e+02  
sl    (0, 1, 0)   3       1  1  1.1792e-09    1.1712e-06    9.9321e+02  
sl    (0, 1, 0)   3       3  3  5.4304e-09    1.5123e-08    2.7850e+00  
sl    (0, 1, 0)   3       2  2  7.2822e-09    1.1647e-06    1.5993e+02  
sl    (0, 1, 0)   1+0.1i  1  2  2.0680e-25    4.3775e-08    2.1168e+17  
sl    (0, 1, 0)   1+0.1i  1  1  1.1972e-08    1.0522e-05    8.7893e+02  
sl    (0, 1, 0)   1+0.1i  3  3  4.9572e-08    1.3454e-07    2.7141e+00  
sl    (0, 1, 0)   1+0.1i  2  2  6.2283e-08    1.0464e-05    1.6801e+02  
sl    (0, 1, 0)   1+1i    1  1  6.1972e-09    4.5484e-06    7.3396e+02  
sl    (0, 1, 0)   1+1i    3  3  2.5163e-08    6.2028e-08    2.4651e+00  
sl    (0, 1, 0)   1+1i    2  2  3.1243e-08    4.5192e-06    1.4465e+02  
sl    (0, 1, 0)   0.5+2i  1  2  2.0680e-25    7.7737e-09    3.7591e+16  
sl    (0, 1, 0)   0.5+2i  1  1  3.0506e-09    1.8161e-06    5.9533e+02  
sl    (0, 1, 0)   0.5+2i  3  3  1.1942e-08    2.6700e-08    2.2357e+00  
sl    (0, 1, 0)   0.5+2i  2  2  1.4463e-08    1.8024e-06    1.2462e+02  
sl    (0, 1, 0)   2+2i    1  1  1.6054e-09    9.5374e-07    5.9407e+02  
sl    (0, 1, 0)   2+2i    3  3  6.3396e-09    1.4131e-08    2.2291e+00  
sl    (0, 1, 0)   2+2i    2  2  7.7579e-09    9.4644e-07    1.2200e+02  
sl    (1, 1, 0)   1       1  2  8.7864e-09    3.3075e-08    3.7643e+00  
sl    (1, 1, 0)   1       1  1  3.7680e-09    7.2732e-06    1.9302e+03  
sl    (1, 1, 0)   1       3  3  7.0086e-09    6.1393e-08    8.7596e+00  
sl    (1, 1, 0)   1       2  2  3.7680e-09    7.2732e-06    1.9302e+03  
sl    (1, 1, 0)   1       2  1  8.7864e-09    3.3075e-08    3.7643e+00  
sl    (1, 1, 0)   0.37    1  2  6.3817e-08    2.4198e-07    3.7918e+00  
sl    (1, 1, 0)   0.37    1  1  2.6273e-08    5.3290e-05    2.0283e+03  
sl    (1, 1, 0)   0.37    3  3  5.2002e-08    4.4933e-07    8.6406e+00  
sl    (1, 1, 0)   0.37    2  2  2.6273e-08    5.3290e-05    2.0283e+03  
sl    (1, 1, 0)   0.37    2  1  6.3817e-08    2.4198e-07    3.7918e+00  
sl    (1, 1, 0)   3       1  2  1.0348e-09    3.6209e-09    3.4990e+00  
sl    (1, 1, 0)   3       1  1  5.6199e-10    7.8549e-07    1.3977e+03  
sl    (1, 1, 0)   3       3  3  7.3064e-10    6.6982e-09    9.1676e+00  
sl    (1, 1, 0)   3       2  2  5.6199e-10    7.8549e-07    1.3977e+03  
sl    (1, 1, 0)   3       2  1  1.0348e-09    3.6209e-09    3.4990e+00  
sl    (1, 1, 0)   1+0.1i  3  2  3.1019e-25    4.5626e-07    1.4709e+18  
sl    (1, 1, 0)   1+0.1i  1  2  8.6987e-09    3.2022e-08    3.6812e+00  
sl    (1, 1, 0)   1+0.1i  3  1  3.1019e-25    4.5626e-07    1.4709e+18  
sl    (1, 1, 0)   1+0.1i  1  1  3.7158e-09    7.0149e-06    1.8878e+03  
sl    (1, 1, 0)   1+0.1i  3  3  6.9540e-09    5.9334e-08    8.5324e+00  
sl    (1, 1, 0)   1+0.1i  2  2  3.7158e-09    7.0149e-06    1.8878e+03  
sl    (1, 1, 0)   1+0.1i  2  1  8.6987e-09    3.2022e-08    3.6812e+00  
sl    (1, 1, 0)   1+1i    1  2  4.3629e-09    1.3319e-08    3.0529e+00  
sl    (1, 1, 0)   1+1i    1  1  1.7554e-09    2.8074e-06    1.5993e+03  
sl    (1, 1, 0)   1+1i    3  3  3.6040e-09    2.4269e-08    6.7339e+00  
sl    (1, 1, 0)   1+1i    2  2  1.7554e-09    2.8074e-06    1.5993e+03  
sl    (1, 1, 0)   1+1i    2  1  4.3629e-09    1.3319e-08    3.0529e+00  
sl    (1, 1, 0)   0.5+2i  1  2  2.0062e-09    5.1399e-09    2.5620e+00  
sl    (1, 1, 0)   0.5+2i  1  1  7.1988e-10    1.0300e-06    1.4308e+03  
sl    (1, 1, 0)   0.5+2i  3  3  1.7433e-09    9.1762e-09    5.2638e+00  
sl    (1, 1, 0)   0.5+2i  2  2  7.1988e-10    1.0300e-06    1.4308e+03  
sl    (1, 1, 0)   0.5+2i  2  1  2.0062e-09    5.1399e-09    2.5620e+00  
sl    (1, 1, 0)   2+2i    1  2  1.0865e-09    2.7115e-09    2.4957e+00  
sl    (1, 1, 0)   2+2i    3  1  1.6544e-24    3.6195e-08    2.1878e+16  
sl    (1, 1, 0)   2+2i    1  1  4.0941e-10    5.3992e-07    1.3188e+03  
sl    (1, 1, 0)   2+2i    3  3  9.4027e-10    4.8322e-09    5.1392e+00  
sl    (1, 1, 0)   2+2i    2  2  4.0941e-10    5.3992e-07    1.3188e+03  
sl    (1, 1, 0)   2+2i    2  1  1.0865e-09    2.7115e-09    2.4957e+00  
sl    (0, 0, 1)   1       1  1  8.1820e-08    2.5856e-05    3.1601e+02  
sl    (0, 0, 1)   1       3  3  1.6556e-07    2.3568e-07    1.4235e+00  
sl    (0, 0, 1)   1       2  2  8.1820e-08    2.5856e-05    3.1601e+02  
sl    (0, 0, 1)   0.37    1  1  6.0205e-07    1.8905e-04    3.1401e+02  
sl    (0, 0, 1)   0.37    3  3  1.2060e-06    1.7223e-06    1.4281e+00  
sl    (0, 0, 1)   0.37    2  2  6.0205e-07    1.8905e-04    3.1401e+02  
sl    (0, 0, 1)   3       1  1  8.4924e-09    2.8481e-06    3.3537e+02  
sl    (0, 0, 1)   3       3  3  1.8849e-08    2.6081e-08    1.3837e+00  
sl    (0, 0, 1)   3       2  2  8.4924e-09    2.8481e-06    3.3537e+02  
sl    (0, 0, 1)   1+0.1i  1  1  8.1031e-08    2.5412e-05    3.1361e+02  
sl    (0, 0, 1)   1+0.1i  3  3  1.6391e-07    2.3188e-07    1.4147e+00  
sl    (0, 0, 1)   1+0.1i  2  2  8.1031e-08    2.5412e-05    3.1361e+02  
sl    (0, 0, 1)   1+1i    1  1  4.1306e-08    1.2020e-05    2.9099e+02  
sl    (0, 0, 1)   1+1i    3  3  8.2474e-08    1.1088e-07    1.3445e+00  
sl    (0, 0, 1)   1+1i    2  2  4.1306e-08    1.2020e-05    2.9099e+02  
sl    (0, 0, 1)   0.5+2i  1  1  1.9965e-08    5.2744e-06    2.6418e+02  
sl    (0, 0, 1)   0.5+2i  3  3  3.8426e-08    4.9334e-08    1.2839e+00  
sl    (0, 0, 1)   0.5+2i  2  2  1.9965e-08    5.2744e-06    2.6418e+02  
sl    (0, 0, 1)   2+2i    1  1  1.0411e-08    2.7914e-06    2.6813e+02  
sl    (0, 0, 1)   2+2i    3  3  2.0558e-08    2.6163e-08    1.2726e+00  
sl    (0, 0, 1)   2+2i    2  2  1.0411e-08    2.7914e-06    2.6813e+02  
sl    (1, 0, 1)   1       3  1  2.4989e-08    8.2459e-07    3.2998e+01  
sl    (1, 0, 1)   1       1  1  3.7417e-08    1.0682e-05    2.8548e+02  
sl    (1, 0, 1)   1       3  3  2.5297e-08    1.1103e-07    4.3892e+00  
sl    (1, 0, 1)   1       1  3  2.4989e-08    8.2459e-07    3.2998e+01  
sl    (1, 0, 1)   1       2  2  1.1330e-08    1.0716e-05    9.4577e+02  
sl    (1, 0, 1)   0.37    3  1  1.8244e-07    6.0316e-06    3.3061e+01  
sl    (1, 0, 1)   0.37    1  1  2.7107e-07    7.8242e-05    2.8864e+02  
sl    (1, 0, 1)   0.37    3  3  1.8603e-07    8.1195e-07    4.3645e+00  
sl    (1, 0, 1)   0.37    1  3  1.8244e-07    6.0316e-06    3.3061e+01  
sl    (1, 0, 1)   0.37    2  2  8.4236e-08    7.8488e-05    9.3176e+02  
sl    (1, 0, 1)   3       3  1  2.7912e-09    9.0463e-08    3.2410e+01  
sl    (1, 0, 1)   3       1  1  4.4446e-09    1.1570e-06    2.6031e+02  
sl    (1, 0, 1)   3       3  3  2.6806e-09    1.2214e-08    4.5562e+00  
sl    (1, 0, 1)   3       1  3  2.7912e-09    9.0463e-08    3.2410e+01  
sl    (1, 0, 1)   3       2  2  1.0997e-09    1.1608e-06    1.0556e+03  
sl    (1, 0, 1)   1+0.1i  3  1  2.4741e-08    8.0478e-07    3.2527e+01  
sl    (1, 0, 1)   1+0.1i  1  1  3.7030e-08    1.0389e-05    2.8057e+02  
sl    (1, 0, 1)   1+0.1i  3  3  2.5062e-08    1.0848e-07    4.3283e+00  
sl    (1, 0, 1)   1+0.1i  1  3  2.4741e-08    8.0478e-07    3.2527e+01  
sl    (1, 0, 1)   1+0.1i  2  2  1.1234e-08    1.0423e-05    9.2777e+02  
sl    (1, 0, 1)   1+0.1i  2  1  2.0680e-25    4.2593e-08    2.0597e+17  
sl    (1, 0, 1)   1+1i    3  1  1.2487e-08    3.5873e-07    2.8729e+01  
sl    (1, 0, 1)   1+1i    1  1  1.8493e-08    4.4815e-06    2.4234e+02  
sl    (1, 0, 1)   1+1i    3  3  1.2786e-08    4.8867e-08    3.8218e+00  
sl    (1, 0, 1)   1+1i    1  3  1.2487e-08    3.5873e-07    2.8729e+01  
sl    (1, 0, 1)   1+1i    2  2  5.8234e-09    4.4983e-06    7.7246e+02  
sl    (1, 0, 1)   0.5+2i  3  1  5.8626e-09    1.4849e-07    2.5328e+01  
sl    (1, 0, 1)   0.5+2i  1  1  8.4671e-09    1.7848e-06    2.1079e+02  
sl    (1, 0, 1)   0.5+2i  3  3  6.1188e-09    2.0506e-08    3.3513e+00  
sl    (1, 0, 1)   0.5+2i  1  3  5.8626e-09    1.4849e-07    2.5328e+01  
sl    (1, 0, 1)   0.5+2i  2  2  2.8722e-09    1.7926e-06    6.2413e+02  
sl    (1, 0, 1)   0.5+2i  2  1  2.0680e-25    7.4929e-09    3.6233e+16  
sl    (1, 0, 1)   2+2i    3  1  3.1211e-09    7.8436e-08    2.5131e+01  
sl    (1, 0, 1)   2+2i    1  1  4.5734e-09    9.3736e-07    2.0496e+02  
sl    (1, 0, 1)   2+2i    3  3  3.2464e-09    1.0848e-08    3.3414e+00  
sl    (1, 0, 1)   2+2i    1  3  3.1211e-09    7.8436e-08    2.5131e+01  
sl    (1, 0, 1)   2+2i    2  2  1.5121e-09    9.4157e-07    6.2270e+02  
sl    (0, 1, 1)   1       3  2  2.4989e-08    8.2459e-07    3.2998e+01  
sl    (0, 1, 1)   1       1  1  1.1330e-08    1.0716e-05    9.4577e+02  
sl    (0, 1, 1)   1       3  3  2.5297e-08    1.1103e-07    4.3892e+00  
sl    (0, 1, 1)   1       2  2  3.7417e-08    1.0682e-05    2.8548e+02  
sl    (0, 1, 1)   1       2  3  2.4989e-08    8.2459e-07    3.2998e+01  
sl    (0, 1, 1)   0.37    3  2  1.8244e-07    6.0316e-06    3.3061e+01  
sl    (0, 1, 1)   0.37    1  2  1.3235e-23    3.2012e-07    2.4187e+16  
sl    (0, 1, 1)   0.37    1  1  8.4236e-08    7.8488e-05    9.3176e+02  
sl    (0, 1, 1)   0.37    3  3  1.8603e-07    8.1195e-07    4.3645e+00  
sl    (0, 1, 1)   0.37    2  2  2.7107e-07    7.8242e-05    2.8864e+02  
sl    (0, 1, 1)   0.37    2  3  1.8244e-07    6.0316e-06    3.3061e+01  
sl    (0, 1, 1)   3       3  2  2.7912e-09    9.0463e-08    3.2410e+01  
sl    (0, 1, 1)   3       1  1  1.0997e-09    1.1608e-06    1.0556e+03  
sl    (0, 1, 1)   3       3  3  2.6806e-09    1.2214e-08    4.5562e+00  
sl    (0, 1, 1)   3       2  2  4.4446e-09    1.1570e-06    2.6031e+02  
sl    (0, 1, 1)   3       2  3  2.7912e-09    9.0463e-08    3.2410e+01  
sl    (0, 1, 1)   1+0.1i  3  2  2.4741e-08    8.0478e-07    3.2527e+01  
sl    (0, 1, 1)   1+0.1i  1  2  2.0680e-25    4.2593e-08    2.0597e+17  
sl    (0, 1, 1)   1+0.1i  1  1  1.1234e-08    1.0423e-05    9.2777e+02  
sl    (0, 1, 1)   1+0.1i  3  3  2.5062e-08    1.0848e-07    4.3283e+00  
sl    (0, 1, 1)   1+0.1i  2  2  3.7030e-08    1.0389e-05    2.8057e+02  
sl    (0, 1, 1)   1+0.1i  2  3  2.4741e-08    8.0478e-07    3.2527e+01  
sl    (0, 1, 1)   1+1i    3  2  1.2487e-08    3.5873e-07    2.8729e+01  
sl    (0, 1, 1)   1+1i    1  1  5.8234e-09    4.4983e-06    7.7246e+02  
sl    (0, 1, 1)   1+1i    3  3  1.2786e-08    4.8867e-08    3.8218e+00  
sl    (0, 1, 1)   1+1i    2  2  1.8493e-08    4.4815e-06    2.4234e+02  
sl    (0, 1, 1)   1+1i    2  3  1.2487e-08    3.5873e-07    2.8729e+01  
sl    (0, 1, 1)   0.5+2i  3  2  5.8626e-09    1.4849e-07    2.5328e+01  
sl    (0, 1, 1)   0.5+2i  1  2  2.0680e-25    7.4929e-09    3.6233e+16  
sl    (0, 1, 1)   0.5+2i  1  1  2.8722e-09    1.7926e-06    6.2413e+02  
sl    (0, 1, 1)   0.5+2i  3  3  6.1188e-09    2.0506e-08    3.3513e+00  
sl    (0, 1, 1)   0.5+2i  2  2  8.4671e-09    1.7848e-06    2.1079e+02  
sl    (0, 1, 1)   0.5+2i  2  3  5.8626e-09    1.4849e-07    2.5328e+01  
sl    (0, 1, 1)   2+2i    3  2  3.1211e-09    7.8436e-08    2.5131e+01  
sl    (0, 1, 1)   2+2i    1  1  1.5121e-09    9.4157e-07    6.2270e+02  
sl    (0, 1, 1)   2+2i    3  3  3.2464e-09    1.0848e-08    3.3414e+00  
sl    (0, 1, 1)   2+2i    2  2  4.5734e-09    9.3736e-07    2.0496e+02  
sl    (0, 1, 1)   2+2i    2  3  3.1211e-09    7.8436e-08    2.5131e+01  
sl    (1, 1, 1)   1       3  2  1.4817e-09    4.7084e-07    3.1777e+02  
sl    (1, 1, 1)   1       1  2  8.2002e-09    3.2470e-08    3.9597e+00  
sl    (1, 1, 1)   1       3  1  1.4817e-09    4.7084e-07    3.1777e+02  
sl    (1, 1, 1)   1       1  1  3.3994e-09    7.2594e-06    2.1355e+03  
sl    (1, 1, 1)   1       3  3  6.2724e-09    6.0604e-08    9.6620e+00  
sl    (1, 1, 1)   1       1  3  1.4817e-09    4.7084e-07    3.1777e+02  
sl    (1, 1, 1)   1       2  2  3.3994e-09    7.2594e-06    2.1355e+03  
sl    (1, 1, 1)   1       2  1  8.2002e-09    3.2470e-08    3.9597e+00  
sl    (1, 1, 1)   1       2  3  1.4817e-09    4.7084e-07    3.1777e+02  
sl    (1, 1, 1)   0.37    3  2  1.0792e-08    3.4476e-06    3.1946e+02  
sl    (1, 1, 1)   0.37    1  2  5.9537e-08    2.3755e-07    3.9899e+00  
sl    (1, 1, 1)   0.37    3  1  1.0792e-08    3.4476e-06    3.1946e+02  
sl    (1, 1, 1)   0.37    1  1  2.3585e-08    5.3189e-05    2.2552e+03  
sl    (1, 1, 1)   0.37    3  3  4.6626e-08    4.4352e-07    9.5124e+00  
sl    (1, 1, 1)   0.37    1  3  1.0792e-08    3.4476e-06    3.1946e+02  
sl    (1, 1, 1)   0.37    2  2  2.3585e-08    5.3189e-05    2.2552e+03  
sl    (1, 1, 1)   0.37    2  1  5.9537e-08    2.3755e-07    3.9899e+00  
sl    (1, 1, 1)   0.37    2  3  1.0792e-08    3.4476e-06    3.1946e+02  
sl    (1, 1, 1)   3       3  2  1.6960e-10    5.1167e-08    3.0170e+02  
sl    (1, 1, 1)   3       1  2  9.6940e-10    3.5567e-09    3.6690e+00  
sl    (1, 1, 1)   3       3  1  1.6960e-10    5.1167e-08    3.0170e+02  
sl    (1, 1, 1)   3       1  1  5.2153e-10    7.8414e-07    1.5035e+03  
sl    (1, 1, 1)   3       3  3  6.4992e-10    6.6169e-09    1.0181e+01  
sl    (1, 1, 1)   3       1  3  1.6960e-10    5.1167e-08    3.0170e+02  
sl    (1, 1, 1)   3       2  2  5.2153e-10    7.8414e-07    1.5035e+03  
sl    (1, 1, 1)   3       2  1  9.6940e-10    3.5567e-09    3.6690e+00  
sl    (1, 1, 1)   3       2  3  1.6960e-10    5.1167e-08    3.0170e+02  
sl    (1, 1, 1)   1+0.1i  3  2  1.4670e-09    4.5458e-07    3.0988e+02  
sl    (1, 1, 1)   1+0.1i  1  2  8.1183e-09    3.1423e-08    3.8707e+00  
sl    (1, 1, 1)   1+0.1i  3  1  1.4670e-09    4.5458e-07    3.0988e+02  
sl    (1, 1, 1)   1+0.1i  1  1  3.3510e-09    7.0013e-06    2.0893e+03  
sl    (1, 1, 1)   1+0.1i  3  3  6.2252e-09    5.8553e-08    9.4059e+00  
sl    (1, 1, 1)   1+0.1i  1  3  1.4670e-09    4.5458e-07    3.0988e+02  
sl    (1, 1, 1)   1+0.1i  2  2  3.3510e-09    7.0013e-06    2.0893e+03  
sl    (1, 1, 1)   1+0.1i  2  1  8.1183e-09    3.1423e-08    3.8707e+00  
sl    (1, 1, 1)   1+0.1i  2  3  1.4670e-09    4.5458e-07    3.0988e+02  
sl    (1, 1, 1)   1+1i    3  2  7.3824e-10    1.8389e-07    2.4909e+02  
sl    (1, 1, 1)   1+1i    1  2  4.0700e-09    1.3018e-08    3.1984e+00  
sl    (1, 1, 1)   1+1i    3  1  7.3824e-10    1.8389e-07    2.4909e+02  
sl    (1, 1, 1)   1+1i    1  1  1.5722e-09    2.8006e-06    1.7813e+03  
sl    (1, 1, 1)   1+1i    3  3  3.2361e-09    2.3875e-08    7.3776e+00  
sl    (1, 1, 1)   1+1i    1  3  7.3824e-10    1.8389e-07    2.4909e+02  
sl    (1, 1, 1)   1+1i    2  2  1.5722e-09    2.8006e-06    1.7813e+03  
sl    (1, 1, 1)   1+1i    2  1  4.0700e-09    1.3018e-08    3.1984e+00  
sl    (1, 1, 1)   1+1i    2  3  7.3824e-10    1.8389e-07    2.4909e+02  
sl    (1, 1, 1)   0.5+2i  3  2  3.4326e-10    6.8470e-08    1.9947e+02  
sl    (1, 1, 1)   0.5+2i  1  2  1.8686e-09    4.9979e-09    2.6746e+00  
sl    (1, 1, 1)   0.5+2i  3  1  3.4326e-10    6.8470e-08    1.9947e+02  
sl    (1, 1, 1)   0.5+2i  1  1  6.3405e-10    1.0269e-06    1.6196e+03  
sl    (1, 1, 1)   0.5+2i  3  3  1.5703e-09    8.9908e-09    5.7254e+00  
sl    (1, 1, 1)   0.5+2i  1  3  3.4326e-10    6.8470e-08    1.9947e+02  
sl    (1, 1, 1)   0.5+2i  2  2  6.3405e-10    1.0269e-06    1.6196e+03  
sl    (1, 1, 1)   0.5+2i  2  1  1.8686e-09    4.9979e-09    2.6746e+00  
sl    (1, 1, 1)   0.5+2i  2  3  3.4326e-10    6.8470e-08    1.9947e+02  
sl    (1, 1, 1)   2+2i    3  2  1.8423e-10    3.5995e-08    1.9538e+02  
sl    (1, 1, 1)   2+2i    1  2  1.0133e-09    2.6375e-09    2.6028e+00  
sl    (1, 1, 1)   2+2i    3  1  1.8423e-10    3.5995e-08    1.9538e+02  
sl    (1, 1, 1)   2+2i    1  1  3.6542e-10    5.3835e-07    1.4733e+03  
sl    (1, 1, 1)   2+2i    3  3  8.4843e-10    4.7364e-09    5.5825e+00  
sl    (1, 1, 1)   2+2i    1  3  1.8423e-10    3.5995e-08    1.9538e+02  
sl    (1, 1, 1)   2+2i    2  2  3.6542e-10    5.3835e-07    1.4733e+03  
sl    (1, 1, 1)   2+2i    2  1  1.0133e-09    2.6375e-09    2.6028e+00  
sl    (1, 1, 1)   2+2i    2  3  1.8423e-10    3.5995e-08    1.9538e+02  

worst Lambda per shape, and eps_128 * Lambda:
  c32  Lambda=3.5036e+17  at ((1, 0, 0), "1+0.1i", 2, 1, 3.503564898095175e17)  eps128*Lambda=2.0592e-21
  c8  Lambda=2.3475e+17  at ((1, 1, 0), "2+2i", 3, 2, 2.3475119794636102e17)  eps128*Lambda=1.3797e-21
  c4  Lambda=2.3475e+17  at ((1, 1, 0), "1+1i", 3, 2, 2.3475119794636102e17)  eps128*Lambda=1.3797e-21
  sl  Lambda=1.4709e+18  at ((1, 1, 0), "1+0.1i", 3, 2, 1.470877281476508e18)  eps128*Lambda=8.6450e-21
