(a) pairMoments vs reference, BigFloat 320 bits, m = -1..12
    m = -1 and odd m: refcache.txt (pairMom, 320 bits, orders 44/30/44)
    even m: exact Rational polynomial (momPol), independent of pairBxs
    target <= 1e-30

worst relative error per sub-code and shape
code    cube       thinX      thinY      thinZ      fatX       fatY       fatZ       small      sliver_zzz sliver_zyz sliver_zzy 
S       6.54e-60   6.34e-44   6.34e-44   6.54e-60   6.34e-44   6.34e-44   6.54e-60   6.62e-60   6.62e-60   4.24e-44   4.24e-44   
Ef      3.14e-60   3.82e-44   1.09e-47   3.14e-60   1.09e-47   3.82e-44   3.14e-60   5.25e-60   5.25e-60   2.36e-45   3.26e-44   
Ec      2.75e-60   1.11e-45   2.64e-45   2.64e-45   7.35e-44   6.28e-44   6.28e-44   3.58e-60   7.51e-46   7.51e-46   2.60e-46   
Vc      3.03e-60   1.09e-47   1.09e-47   3.03e-60   1.09e-47   1.09e-47   3.03e-60   3.81e-60   3.81e-60   2.43e-45   2.43e-45   
Vp      3.70e-60   5.98e-48   1.11e-45   5.98e-48   3.41e-44   2.90e-47   3.41e-44   2.52e-60   1.28e-46   2.70e-46   1.28e-46   
P1      2.20e-60   2.58e-60   2.58e-60   1.97e-60   2.88e-60   2.88e-60   4.50e-60   2.77e-60   7.22e-61   3.00e-60   3.00e-60   
P2      1.92e-60   2.06e-60   2.06e-60   3.04e-60   3.84e-60   3.84e-60   3.25e-60   3.28e-60   3.09e-60   2.74e-60   2.74e-60   
P1s     2.92e-60   2.71e-60   1.31e-60   3.72e-60   2.45e-60   3.77e-60   4.53e-60   2.92e-60   1.13e-60   1.58e-60   3.38e-60   
P1s-b   2.63e-60   1.45e-60   1.45e-60   1.03e-60   3.41e-60   3.41e-60   4.85e-60   2.79e-60   3.80e-60   1.19e-60   1.19e-60   
P2s     2.94e-60   3.33e-60   3.82e-60   1.93e-60   3.23e-60   2.41e-60   1.25e-60   4.01e-60   1.84e-60   3.83e-60   2.84e-60   
P2s-b   3.08e-60   2.11e-60   2.11e-60   1.64e-60   4.46e-60   4.46e-60   3.50e-60   3.75e-60   1.67e-60   4.11e-60   4.11e-60   
Xg      9.58e-61   3.25e-60   6.61e-61   2.45e-60   3.14e-60   3.83e-60   3.84e-60   2.24e-60   2.13e-60   8.99e-61   2.59e-60   
Xg-b    2.19e-60   3.02e-60   3.13e-60   2.38e-60   2.55e-60   3.85e-60   1.78e-60   2.14e-60   4.40e-60   2.55e-60   2.38e-60   
Xg-c    4.06e-60   1.93e-60   3.16e-60   3.16e-60   2.03e-60   2.47e-60   2.47e-60   2.49e-60   2.03e-60   2.03e-60   2.83e-60   
Xg-d    1.88e-60   4.10e-60   2.56e-60   2.56e-60   4.75e-60   3.78e-60   3.78e-60   2.68e-60   2.26e-60   2.26e-60   3.13e-60   

worst per sub-code and m
code    m=-1      m=0       m=1       m=2       m=3       m=4       m=5       m=6       m=7       m=8       m=9       m=10      m=11      m=12      
S       6.34e-44  0         4.43e-47  1.40e-96  1.06e-49  8.37e-97  1.67e-52  1.49e-96  5.66e-55  8.35e-97  3.12e-57  1.28e-96  1.98e-60  9.28e-97  
Ef      3.82e-44  0         6.34e-47  7.72e-97  2.61e-49  8.64e-97  5.69e-52  1.57e-96  2.51e-54  8.35e-97  1.67e-56  9.65e-97  3.33e-60  1.27e-96  
Ec      7.35e-44  0         2.96e-48  6.70e-97  6.55e-52  1.21e-96  6.49e-54  1.45e-96  3.31e-57  1.67e-96  3.88e-59  2.57e-96  2.69e-60  2.59e-96  
Vc      2.43e-45  0         7.59e-49  8.82e-97  4.28e-52  8.64e-97  2.31e-55  8.21e-97  4.43e-58  6.61e-97  1.20e-60  1.28e-96  1.29e-60  1.86e-96  
Vp      3.41e-44  0         1.01e-48  8.82e-97  1.54e-52  6.59e-97  1.57e-54  1.47e-96  7.84e-58  1.96e-96  7.21e-60  2.04e-96  3.70e-60  3.46e-96  
P1      2.58e-60  0         4.50e-60  0         3.94e-60  1.86e-96  2.58e-60  1.03e-96  2.60e-60  9.68e-97  2.77e-60  1.28e-96  2.88e-60  9.37e-97  
P2      2.95e-60  0         3.09e-60  1.40e-96  1.90e-60  5.06e-97  3.28e-60  1.59e-96  3.25e-60  9.86e-97  1.36e-60  1.28e-96  3.84e-60  9.28e-97  
P1s     3.72e-60  0         3.69e-60  7.99e-97  3.77e-60  1.28e-96  2.71e-60  1.41e-96  1.58e-60  9.73e-97  4.53e-60  1.34e-96  3.92e-60  9.28e-97  
P1s-b   2.79e-60  0         4.85e-60  8.82e-97  3.80e-60  6.91e-97  2.33e-60  9.38e-97  3.30e-60  8.36e-97  1.91e-60  1.88e-96  4.19e-60  1.59e-96  
P2s     1.89e-60  0         3.23e-60  8.98e-97  2.94e-60  5.47e-97  1.84e-60  1.53e-96  4.01e-60  9.73e-97  2.44e-60  1.35e-96  3.83e-60  3.51e-96  
P2s-b   3.75e-60  0         4.46e-60  8.82e-97  3.08e-60  5.46e-97  1.41e-60  1.27e-96  3.50e-60  8.36e-97  3.27e-60  7.58e-97  4.11e-60  1.11e-96  
Xg      3.14e-60  0         2.59e-60  6.70e-97  1.55e-60  1.80e-96  3.83e-60  1.10e-96  3.84e-60  2.45e-96  3.43e-60  2.79e-96  2.24e-60  3.70e-96  
Xg-b    4.36e-60  0         3.02e-60  8.82e-97  2.55e-60  1.80e-96  3.85e-60  1.73e-96  2.81e-60  2.15e-96  4.40e-60  3.77e-96  3.13e-60  3.46e-96  
Xg-c    2.49e-60  0         2.47e-60  1.60e-96  4.06e-60  1.58e-96  9.91e-61  2.05e-96  1.68e-60  2.50e-96  3.16e-60  4.49e-96  1.51e-60  3.19e-96  
Xg-d    2.68e-60  0         4.75e-60  8.82e-97  4.10e-60  1.23e-96  3.78e-60  1.51e-96  2.56e-60  2.68e-96  2.68e-60  2.78e-96  1.31e-60  2.48e-96  

worst per sub-code
  S       6.34e-44   at thinX m=-1
  Ef      3.82e-44   at thinX m=-1
  Ec      7.35e-44   at fatX m=-1
  Vc      2.43e-45   at sliver_zyz m=-1
  Vp      3.41e-44   at fatX m=-1
  P1      4.50e-60   at fatZ m=1
  P2      3.84e-60   at fatX m=11
  P1s     4.53e-60   at fatZ m=9
  P1s-b   4.85e-60   at fatZ m=1
  P2s     4.01e-60   at small m=7
  P2s-b   4.46e-60   at fatX m=1
  Xg      3.84e-60   at fatZ m=7
  Xg-b    4.40e-60   at sliver_zzz m=9
  Xg-c    4.06e-60   at cube m=3
  Xg-d    4.75e-60   at fatX m=1
GLOBAL worst 7.351768387975856e-44   values above 1e-30: 0 of 2310
