(d) digits lost in Float64: log10(|x64 - xbig|/(eps |xbig|)), xbig the
    320-bit evaluation of the same formulas at BigFloat(Float64 inputs).
    Grid b = 1, a and c in 1e-6..1e6; c = 0 as well for the 2D codes.
    Cells are the exact decimals the labels name (1e-2, not 10.0^-2).
    S, Ef and Vc have no c in their canonical panels, so their c columns
    repeat: 13 distinct geometries per grid, not 13 x 14.
    Bar: <= 1.0 everywhere.

worst digits lost per sub-code and m
code       m=-1    m=0    m=1    m=2    m=3    m=4    m=5    m=6    m=7    m=8    m=9   m=10   m=11   m=12
S           0.3    0.0   0.07    0.0    0.0    0.0   0.29    0.0    0.3    0.0    0.3   0.05    0.4   0.39
Ef         0.05    0.0    0.0   0.05   0.24   0.03   0.03   0.14   0.17   0.09   0.21   0.34   0.37   0.26
Ec         0.17   0.01   0.15   0.41    0.3   0.28   0.43   0.46   0.49   0.54   0.72   0.67   0.74   0.77
Vc         0.08    0.0   0.04    0.0   0.17   0.17    0.0   0.17   0.26   0.05   0.13   0.23   0.19   0.23
Vp         0.46    0.0   0.21   0.06   0.23   0.18   0.35   0.23   0.49   0.42    0.5   0.47   0.61   0.73
P1         0.48    0.0   0.29   0.12   0.41   0.24   0.36   0.45   0.42   0.44   0.46   0.53    0.6   0.53
P2         0.62    0.0    0.2   0.23   0.19   0.24   0.29   0.39   0.37   0.55   0.47   0.55    0.6   0.59
P1s        0.64    0.0   0.24   0.17   0.32   0.27   0.42   0.43   0.42   0.54   0.53   0.54   0.54   0.62
P1s-b      0.34    0.0   0.17   0.14   0.14   0.29   0.31   0.44   0.45   0.34   0.43   0.51    0.6   0.55
P2s        0.63    0.0   0.17   0.25   0.32   0.25   0.41   0.41   0.54   0.55   0.54   0.54   0.61   0.63
P2s-b      0.28    0.0   0.13   0.13   0.14   0.18   0.37   0.38   0.38   0.54    0.5   0.58   0.58    0.6
Xg         0.45    0.0   0.35   0.36   0.39   0.46   0.47   0.54   0.59   0.59   0.64   0.65   0.61   0.73
Xg-b       0.78    0.0   0.38   0.35   0.44   0.44   0.57   0.54    0.6   0.59   0.67   0.63   0.75   0.77
Xg-c        0.9    0.0   0.37   0.38    0.5   0.54   0.59   0.74   0.66   0.71   0.74   0.76   0.91   0.78
Xg-d       0.85    0.0   0.14   0.31   0.18   0.21   0.37   0.38   0.43   0.43   0.59   0.56   0.68   0.66

worst per sub-code, with the cell
  S       0.4   at (a=1e3,c=1e-6) m=11
  Ef      0.37   at (a=1e3,c=1e-6) m=11
  Ec      0.77   at (a=1e-3,c=1e0) m=12
  Vc      0.26   at (a=1e-1,c=1e-6) m=7
  Vp      0.73   at (a=1e5,c=1e5) m=12
  P1      0.6   at (a=1e-2,c=1e-3) m=11
  P2      0.62   at (a=1e-6,c=1e-1) m=-1
  P1s     0.64   at (a=1e-2,c=1e-1) m=-1
  P1s-b   0.6   at (a=1e0,c=1e-3) m=11
  P2s     0.63   at (a=1e4,c=1e-4) m=12
  P2s-b   0.6   at (a=1e-3,c=1e-3) m=12
  Xg      0.73   at (a=1e4,c=1e5) m=12
  Xg-b    0.78   at (a=1e-2,c=1e1) m=-1
  Xg-c    0.91   at (a=1e5,c=1e0) m=11
  Xg-d    0.85   at (a=1e-1,c=1e0) m=-1

worst over m, rows a/b = 1e-6..1e6, cols c/b = 1e-6..1e6 (last col c = 0)
-- S   (c unused: every column repeats)
a\c      1e-6  1e-5  1e-4  1e-3  1e-2  1e-1   1e0   1e1   1e2   1e3   1e4   1e5   1e6     0
1e-6      0.1   0.1   0.1   0.1   0.1   0.1   0.1   0.1   0.1   0.1   0.1   0.1   0.1   0.1
1e-5      0.1   0.1   0.1   0.1   0.1   0.1   0.1   0.1   0.1   0.1   0.1   0.1   0.1   0.1
1e-4      0.3   0.3   0.3   0.3   0.3   0.3   0.3   0.3   0.3   0.3   0.3   0.3   0.3   0.3
1e-3      0.4   0.4   0.4   0.4   0.4   0.4   0.4   0.4   0.4   0.4   0.4   0.4   0.4   0.4
1e-2      0.3   0.3   0.3   0.3   0.3   0.3   0.3   0.3   0.3   0.3   0.3   0.3   0.3   0.3
1e-1      0.0   0.0   0.0   0.0   0.0   0.0   0.0   0.0   0.0   0.0   0.0   0.0   0.0   0.0
1e0       0.0   0.0   0.0   0.0   0.0   0.0   0.0   0.0   0.0   0.0   0.0   0.0   0.0   0.0
1e1       0.0   0.0   0.0   0.0   0.0   0.0   0.0   0.0   0.0   0.0   0.0   0.0   0.0   0.0
1e2       0.1   0.1   0.1   0.1   0.1   0.1   0.1   0.1   0.1   0.1   0.1   0.1   0.1   0.1
1e3       0.4   0.4   0.4   0.4   0.4   0.4   0.4   0.4   0.4   0.4   0.4   0.4   0.4   0.4
1e4       0.3   0.3   0.3   0.3   0.3   0.3   0.3   0.3   0.3   0.3   0.3   0.3   0.3   0.3
1e5       0.1   0.1   0.1   0.1   0.1   0.1   0.1   0.1   0.1   0.1   0.1   0.1   0.1   0.1
1e6       0.2   0.2   0.2   0.2   0.2   0.2   0.2   0.2   0.2   0.2   0.2   0.2   0.2   0.2
-- Ef   (c unused: every column repeats)
a\c      1e-6  1e-5  1e-4  1e-3  1e-2  1e-1   1e0   1e1   1e2   1e3   1e4   1e5   1e6     0
1e-6      0.3   0.3   0.3   0.3   0.3   0.3   0.3   0.3   0.3   0.3   0.3   0.3   0.3   0.3
1e-5      0.0   0.0   0.0   0.0   0.0   0.0   0.0   0.0   0.0   0.0   0.0   0.0   0.0   0.0
1e-4      0.2   0.2   0.2   0.2   0.2   0.2   0.2   0.2   0.2   0.2   0.2   0.2   0.2   0.2
1e-3      0.3   0.3   0.3   0.3   0.3   0.3   0.3   0.3   0.3   0.3   0.3   0.3   0.3   0.3
1e-2      0.1   0.1   0.1   0.1   0.1   0.1   0.1   0.1   0.1   0.1   0.1   0.1   0.1   0.1
1e-1      0.2   0.2   0.2   0.2   0.2   0.2   0.2   0.2   0.2   0.2   0.2   0.2   0.2   0.2
1e0       0.2   0.2   0.2   0.2   0.2   0.2   0.2   0.2   0.2   0.2   0.2   0.2   0.2   0.2
1e1       0.3   0.3   0.3   0.3   0.3   0.3   0.3   0.3   0.3   0.3   0.3   0.3   0.3   0.3
1e2       0.0   0.0   0.0   0.0   0.0   0.0   0.0   0.0   0.0   0.0   0.0   0.0   0.0   0.0
1e3       0.4   0.4   0.4   0.4   0.4   0.4   0.4   0.4   0.4   0.4   0.4   0.4   0.4   0.4
1e4       0.2   0.2   0.2   0.2   0.2   0.2   0.2   0.2   0.2   0.2   0.2   0.2   0.2   0.2
1e5       0.1   0.1   0.1   0.1   0.1   0.1   0.1   0.1   0.1   0.1   0.1   0.1   0.1   0.1
1e6       0.1   0.1   0.1   0.1   0.1   0.1   0.1   0.1   0.1   0.1   0.1   0.1   0.1   0.1
-- Ec
a\c      1e-6  1e-5  1e-4  1e-3  1e-2  1e-1   1e0   1e1   1e2   1e3   1e4   1e5   1e6
1e-6      0.4   0.2   0.0   0.4   0.2   0.2   0.7   0.1   0.2   0.3   0.3   0.5   0.0
1e-5      0.1   0.1   0.2   0.3   0.5   0.4   0.7   0.0   0.0   0.3   0.2   0.2   0.1
1e-4      0.0   0.2   0.3   0.2   0.4   0.4   0.7   0.0   0.2   0.2   0.2   0.4   0.1
1e-3      0.4   0.2   0.0   0.3   0.4   0.2   0.8   0.2   0.1   0.2   0.1   0.3   0.0
1e-2      0.0   0.2   0.1   0.1   0.6   0.5   0.7   0.1   0.3   0.0   0.3   0.5   0.0
1e-1      0.2   0.3   0.1   0.2   0.6   0.7   0.6   0.1   0.2   0.4   0.3   0.2   0.0
1e0       0.6   0.6   0.5   0.7   0.2   0.3   0.7   0.0   0.4   0.1   0.6   0.5   0.2
1e1       0.1   0.4   0.2   0.0   0.4   0.1   0.1   0.3   0.0   0.2   0.4   0.1   0.2
1e2       0.4   0.1   0.3   0.0   0.1   0.3   0.4   0.0   0.2   0.0   0.2   0.2   0.0
1e3       0.3   0.4   0.3   0.2   0.3   0.0   0.4   0.2   0.2   0.2   0.6   0.4   0.2
1e4       0.3   0.4   0.4   0.0   0.2   0.4   0.6   0.3   0.3   0.6   0.0   0.4   0.0
1e5       0.5   0.3   0.3   0.1   0.5   0.3   0.5   0.2   0.3   0.4   0.5   0.6   0.1
1e6       0.0   0.2   0.2   0.1   0.3   0.0   0.2   0.3   0.0   0.1   0.1   0.2   0.1
-- Vc   (c unused: every column repeats)
a\c      1e-6  1e-5  1e-4  1e-3  1e-2  1e-1   1e0   1e1   1e2   1e3   1e4   1e5   1e6     0
1e-6      0.2   0.2   0.2   0.2   0.2   0.2   0.2   0.2   0.2   0.2   0.2   0.2   0.2   0.2
1e-5      0.2   0.2   0.2   0.2   0.2   0.2   0.2   0.2   0.2   0.2   0.2   0.2   0.2   0.2
1e-4      0.2   0.2   0.2   0.2   0.2   0.2   0.2   0.2   0.2   0.2   0.2   0.2   0.2   0.2
1e-3      0.2   0.2   0.2   0.2   0.2   0.2   0.2   0.2   0.2   0.2   0.2   0.2   0.2   0.2
1e-2      0.1   0.1   0.1   0.1   0.1   0.1   0.1   0.1   0.1   0.1   0.1   0.1   0.1   0.1
1e-1      0.3   0.3   0.3   0.3   0.3   0.3   0.3   0.3   0.3   0.3   0.3   0.3   0.3   0.3
1e0       0.1   0.1   0.1   0.1   0.1   0.1   0.1   0.1   0.1   0.1   0.1   0.1   0.1   0.1
1e1       0.2   0.2   0.2   0.2   0.2   0.2   0.2   0.2   0.2   0.2   0.2   0.2   0.2   0.2
1e2       0.2   0.2   0.2   0.2   0.2   0.2   0.2   0.2   0.2   0.2   0.2   0.2   0.2   0.2
1e3       0.0   0.0   0.0   0.0   0.0   0.0   0.0   0.0   0.0   0.0   0.0   0.0   0.0   0.0
1e4       0.2   0.2   0.2   0.2   0.2   0.2   0.2   0.2   0.2   0.2   0.2   0.2   0.2   0.2
1e5       0.0   0.0   0.0   0.0   0.0   0.0   0.0   0.0   0.0   0.0   0.0   0.0   0.0   0.0
1e6       0.0   0.0   0.0   0.0   0.0   0.0   0.0   0.0   0.0   0.0   0.0   0.0   0.0   0.0
-- Vp
a\c      1e-6  1e-5  1e-4  1e-3  1e-2  1e-1   1e0   1e1   1e2   1e3   1e4   1e5   1e6
1e-6      0.0   0.1   0.0   0.1   0.3   0.2   0.3   0.1   0.2   0.1   0.0   0.4   0.0
1e-5      0.1   0.0   0.1   0.1   0.2   0.0   0.2   0.2   0.0   0.1   0.0   0.4   0.0
1e-4      0.0   0.1   0.1   0.0   0.2   0.0   0.3   0.2   0.2   0.0   0.0   0.4   0.0
1e-3      0.1   0.1   0.0   0.1   0.1   0.0   0.3   0.2   0.0   0.1   0.1   0.5   0.0
1e-2      0.3   0.2   0.2   0.1   0.0   0.0   0.1   0.0   0.1   0.2   0.2   0.4   0.0
1e-1      0.2   0.0   0.0   0.0   0.0   0.2   0.5   0.2   0.2   0.1   0.1   0.3   0.2
1e0       0.3   0.2   0.3   0.3   0.1   0.5   0.5   0.0   0.2   0.1   0.4   0.2   0.3
1e1       0.1   0.2   0.2   0.2   0.2   0.2   0.1   0.5   0.0   0.0   0.2   0.0   0.3
1e2       0.2   0.0   0.2   0.0   0.1   0.2   0.2   0.1   0.1   0.0   0.1   0.1   0.0
1e3       0.2   0.1   0.0   0.1   0.2   0.1   0.1   0.0   0.0   0.1   0.5   0.1   0.1
1e4       0.0   0.1   0.0   0.1   0.2   0.1   0.4   0.2   0.1   0.5   0.2   0.0   0.3
1e5       0.4   0.4   0.4   0.5   0.3   0.3   0.2   0.0   0.1   0.1   0.0   0.7   0.2
1e6       0.1   0.0   0.0   0.0   0.0   0.1   0.1   0.3   0.0   0.0   0.3   0.3   0.6
-- P1
a\c      1e-6  1e-5  1e-4  1e-3  1e-2  1e-1   1e0   1e1   1e2   1e3   1e4   1e5   1e6     0
1e-6      0.5   0.2   0.2   0.5   0.2   0.1   0.3   0.3   0.0   0.0   0.2   0.1   0.0   0.1
1e-5      0.4   0.1   0.4   0.4   0.3   0.1   0.1   0.0   0.2   0.0   0.0   0.0   0.0   0.1
1e-4      0.3   0.0   0.3   0.6   0.4   0.1   0.3   0.0   0.4   0.3   0.2   0.0   0.0   0.3
1e-3      0.4   0.0   0.4   0.5   0.2   0.1   0.0   0.0   0.0   0.2   0.0   0.2   0.0   0.4
1e-2      0.4   0.1   0.3   0.6   0.4   0.2   0.3   0.3   0.3   0.2   0.3   0.0   0.0   0.3
1e-1      0.4   0.2   0.2   0.6   0.0   0.3   0.3   0.0   0.3   0.2   0.0   0.3   0.1   0.0
1e0       0.3   0.0   0.4   0.1   0.5   0.5   0.0   0.0   0.0   0.0   0.0   0.0   0.0   0.0
1e1       0.4   0.1   0.3   0.3   0.1   0.5   0.2   0.0   0.0   0.0   0.0   0.0   0.0   0.0
1e2       0.4   0.2   0.4   0.3   0.4   0.1   0.2   0.0   0.0   0.0   0.0   0.0   0.0   0.1
1e3       0.4   0.3   0.1   0.2   0.2   0.0   0.0   0.1   0.4   0.0   0.0   0.0   0.0   0.4
1e4       0.3   0.3   0.4   0.0   0.1   0.2   0.2   0.2   0.2   0.1   0.0   0.0   0.0   0.3
1e5       0.0   0.0   0.0   0.4   0.5   0.0   0.2   0.4   0.1   0.2   0.1   0.0   0.0   0.1
1e6       0.2   0.2   0.2   0.2   0.4   0.1   0.2   0.0   0.1   0.1   0.1   0.3   0.0   0.2
-- P2
a\c      1e-6  1e-5  1e-4  1e-3  1e-2  1e-1   1e0   1e1   1e2   1e3   1e4   1e5   1e6     0
1e-6      0.3   0.4   0.4   0.5   0.5   0.6   0.6   0.1   0.0   0.0   0.0   0.0   0.0   0.1
1e-5      0.3   0.1   0.1   0.6   0.3   0.1   0.5   0.0   0.4   0.0   0.0   0.0   0.0   0.1
1e-4      0.5   0.0   0.3   0.5   0.4   0.6   0.1   0.3   0.2   0.4   0.1   0.0   0.0   0.3
1e-3      0.4   0.2   0.3   0.6   0.3   0.2   0.1   0.3   0.0   0.0   0.2   0.0   0.0   0.4
1e-2      0.4   0.2   0.2   0.6   0.1   0.4   0.0   0.0   0.0   0.0   0.2   0.2   0.0   0.3
1e-1      0.3   0.1   0.0   0.5   0.1   0.5   0.5   0.0   0.4   0.0   0.0   0.3   0.0   0.0
1e0       0.3   0.3   0.4   0.5   0.1   0.0   0.0   0.0   0.0   0.0   0.0   0.0   0.0   0.0
1e1       0.4   0.5   0.2   0.2   0.3   0.4   0.4   0.0   0.0   0.0   0.0   0.0   0.0   0.0
1e2       0.1   0.2   0.3   0.4   0.4   0.5   0.1   0.2   0.0   0.0   0.0   0.0   0.0   0.1
1e3       0.4   0.2   0.4   0.3   0.2   0.3   0.3   0.1   0.0   0.0   0.0   0.1   0.0   0.4
1e4       0.3   0.3   0.2   0.2   0.4   0.2   0.1   0.2   0.0   0.2   0.0   0.0   0.0   0.3
1e5       0.3   0.0   0.1   0.1   0.3   0.3   0.2   0.2   0.1   0.0   0.2   0.0   0.0   0.1
1e6       0.2   0.2   0.2   0.2   0.2   0.1   0.0   0.2   0.3   0.3   0.0   0.4   0.0   0.2
-- P1s
a\c      1e-6  1e-5  1e-4  1e-3  1e-2  1e-1   1e0   1e1   1e2   1e3   1e4   1e5   1e6     0
1e-6      0.4   0.2   0.4   0.6   0.3   0.6   0.0   0.1   0.0   0.0   0.2   0.1   0.0   0.3
1e-5      0.5   0.2   0.3   0.5   0.2   0.0   0.0   0.0   0.4   0.0   0.0   0.0   0.0   0.0
1e-4      0.5   0.1   0.3   0.5   0.3   0.4   0.0   0.0   0.0   0.3   0.0   0.0   0.0   0.2
1e-3      0.3   0.1   0.6   0.5   0.6   0.3   0.0   0.1   0.0   0.3   0.0   0.0   0.0   0.3
1e-2      0.5   0.1   0.3   0.5   0.5   0.6   0.3   0.2   0.2   0.1   0.0   0.0   0.0   0.1
1e-1      0.5   0.3   0.2   0.5   0.4   0.3   0.0   0.1   0.1   0.0   0.0   0.1   0.1   0.2
1e0       0.2   0.1   0.2   0.1   0.5   0.3   0.2   0.0   0.0   0.0   0.0   0.0   0.0   0.2
1e1       0.4   0.1   0.1   0.1   0.5   0.1   0.1   0.1   0.0   0.0   0.0   0.0   0.0   0.3
1e2       0.3   0.3   0.1   0.2   0.5   0.4   0.3   0.2   0.0   0.0   0.0   0.0   0.0   0.0
1e3       0.4   0.2   0.3   0.5   0.4   0.3   0.2   0.2   0.0   0.1   0.0   0.0   0.0   0.4
1e4       0.2   0.2   0.1   0.2   0.4   0.2   0.2   0.3   0.0   0.0   0.1   0.0   0.0   0.2
1e5       0.1   0.1   0.1   0.1   0.2   0.4   0.1   0.2   0.2   0.2   0.0   0.0   0.0   0.1
1e6       0.1   0.1   0.1   0.1   0.1   0.2   0.2   0.2   0.0   0.1   0.0   0.1   0.0   0.1
-- P1s-b
a\c      1e-6  1e-5  1e-4  1e-3  1e-2  1e-1   1e0   1e1   1e2   1e3   1e4   1e5   1e6     0
1e-6      0.4   0.1   0.2   0.3   0.4   0.0   0.1   0.0   0.1   0.2   0.1   0.1   0.0   0.3
1e-5      0.3   0.0   0.0   0.2   0.2   0.3   0.0   0.0   0.4   0.0   0.0   0.0   0.0   0.2
1e-4      0.2   0.1   0.4   0.2   0.4   0.5   0.2   0.0   0.0   0.2   0.0   0.0   0.1   0.2
1e-3      0.0   0.0   0.3   0.4   0.6   0.5   0.1   0.2   0.1   0.2   0.1   0.2   0.0   0.1
1e-2      0.4   0.3   0.2   0.1   0.3   0.4   0.0   0.2   0.2   0.0   0.0   0.0   0.0   0.1
1e-1      0.4   0.4   0.2   0.4   0.5   0.0   0.0   0.0   0.2   0.0   0.0   0.1   0.1   0.3
1e0       0.2   0.0   0.4   0.6   0.3   0.1   0.0   0.0   0.0   0.0   0.0   0.0   0.0   0.3
1e1       0.2   0.2   0.1   0.3   0.4   0.2   0.2   0.0   0.0   0.0   0.0   0.0   0.0   0.2
1e2       0.2   0.3   0.2   0.2   0.4   0.0   0.0   0.0   0.0   0.0   0.0   0.0   0.0   0.2
1e3       0.0   0.2   0.3   0.4   0.3   0.5   0.3   0.0   0.0   0.0   0.0   0.0   0.0   0.0
1e4       0.0   0.0   0.2   0.4   0.2   0.3   0.0   0.2   0.0   0.2   0.0   0.0   0.0   0.0
1e5       0.0   0.0   0.0   0.1   0.2   0.3   0.2   0.2   0.1   0.0   0.1   0.1   0.0   0.0
1e6       0.0   0.0   0.0   0.0   0.3   0.4   0.4   0.0   0.0   0.2   0.2   0.0   0.0   0.0
-- P2s
a\c      1e-6  1e-5  1e-4  1e-3  1e-2  1e-1   1e0   1e1   1e2   1e3   1e4   1e5   1e6     0
1e-6      0.6   0.1   0.4   0.5   0.4   0.3   0.2   0.0   0.0   0.0   0.0   0.0   0.0   0.3
1e-5      0.4   0.3   0.1   0.4   0.6   0.2   0.5   0.0   0.0   0.0   0.0   0.0   0.0   0.0
1e-4      0.4   0.4   0.0   0.4   0.5   0.3   0.0   0.3   0.0   0.3   0.1   0.0   0.0   0.2
1e-3      0.5   0.1   0.2   0.4   0.5   0.5   0.1   0.2   0.1   0.0   0.0   0.1   0.0   0.3
1e-2      0.5   0.3   0.4   0.5   0.1   0.4   0.2   0.0   0.3   0.0   0.0   0.3   0.1   0.1
1e-1      0.3   0.0   0.6   0.4   0.0   0.5   0.2   0.0   0.1   0.0   0.0   0.1   0.0   0.2
1e0       0.4   0.1   0.5   0.5   0.2   0.2   0.0   0.0   0.0   0.0   0.0   0.0   0.0   0.2
1e1       0.3   0.4   0.5   0.1   0.2   0.5   0.3   0.0   0.0   0.0   0.0   0.0   0.0   0.3
1e2       0.4   0.3   0.5   0.3   0.5   0.1   0.0   0.0   0.0   0.0   0.0   0.0   0.0   0.0
1e3       0.4   0.4   0.1   0.3   0.2   0.3   0.1   0.0   0.0   0.0   0.0   0.0   0.0   0.4
1e4       0.2   0.2   0.6   0.3   0.1   0.5   0.1   0.3   0.2   0.1   0.0   0.0   0.0   0.2
1e5       0.1   0.1   0.1   0.4   0.5   0.1   0.4   0.2   0.1   0.1   0.0   0.0   0.0   0.1
1e6       0.1   0.1   0.1   0.1   0.5   0.2   0.2   0.3   0.2   0.2   0.0   0.1   0.0   0.1
-- P2s-b
a\c      1e-6  1e-5  1e-4  1e-3  1e-2  1e-1   1e0   1e1   1e2   1e3   1e4   1e5   1e6     0
1e-6      0.5   0.3   0.4   0.5   0.2   0.3   0.5   0.0   0.0   0.0   0.1   0.0   0.2   0.3
1e-5      0.5   0.2   0.4   0.4   0.1   0.2   0.5   0.0   0.1   0.0   0.0   0.0   0.0   0.2
1e-4      0.4   0.0   0.4   0.4   0.1   0.2   0.0   0.3   0.0   0.3   0.1   0.0   0.0   0.2
1e-3      0.4   0.2   0.5   0.6   0.2   0.2   0.4   0.1   0.1   0.0   0.0   0.3   0.0   0.1
1e-2      0.6   0.0   0.2   0.4   0.2   0.4   0.0   0.0   0.2   0.0   0.1   0.2   0.0   0.1
1e-1      0.5   0.1   0.3   0.4   0.1   0.2   0.0   0.0   0.1   0.1   0.0   0.1   0.1   0.3
1e0       0.2   0.0   0.1   0.1   0.6   0.5   0.0   0.0   0.0   0.0   0.0   0.0   0.0   0.3
1e1       0.3   0.0   0.4   0.3   0.2   0.3   0.2   0.0   0.0   0.0   0.0   0.0   0.0   0.2
1e2       0.4   0.1   0.1   0.2   0.4   0.2   0.1   0.0   0.0   0.0   0.0   0.0   0.0   0.2
1e3       0.0   0.3   0.1   0.1   0.2   0.1   0.0   0.0   0.1   0.0   0.0   0.0   0.0   0.0
1e4       0.0   0.0   0.4   0.1   0.2   0.2   0.2   0.0   0.1   0.3   0.0   0.0   0.0   0.0
1e5       0.0   0.0   0.0   0.5   0.2   0.0   0.1   0.0   0.2   0.1   0.1   0.0   0.0   0.0
1e6       0.0   0.0   0.0   0.1   0.3   0.2   0.2   0.0   0.0   0.0   0.0   0.2   0.0   0.0
-- Xg
a\c      1e-6  1e-5  1e-4  1e-3  1e-2  1e-1   1e0   1e1   1e2   1e3   1e4   1e5   1e6
1e-6      0.1   0.0   0.0   0.2   0.0   0.2   0.3   0.4   0.1   0.2   0.3   0.2   0.1
1e-5      0.0   0.0   0.0   0.1   0.0   0.0   0.3   0.4   0.0   0.1   0.2   0.1   0.0
1e-4      0.1   0.0   0.2   0.0   0.1   0.2   0.1   0.5   0.2   0.4   0.1   0.1   0.0
1e-3      0.0   0.0   0.0   0.0   0.1   0.2   0.1   0.5   0.2   0.4   0.2   0.1   0.0
1e-2      0.0   0.1   0.3   0.1   0.1   0.0   0.4   0.4   0.0   0.3   0.2   0.3   0.1
1e-1      0.1   0.2   0.2   0.0   0.0   0.2   0.5   0.6   0.6   0.4   0.2   0.6   0.3
1e0       0.2   0.3   0.1   0.2   0.2   0.5   0.6   0.5   0.7   0.6   0.5   0.6   0.1
1e1       0.5   0.4   0.4   0.4   0.4   0.6   0.3   0.4   0.5   0.6   0.1   0.6   0.2
1e2       0.1   0.1   0.3   0.0   0.2   0.6   0.6   0.3   0.4   0.6   0.3   0.6   0.1
1e3       0.3   0.4   0.4   0.3   0.4   0.3   0.3   0.4   0.5   0.1   0.3   0.7   0.3
1e4       0.3   0.3   0.2   0.2   0.2   0.4   0.5   0.2   0.2   0.4   0.2   0.7   0.0
1e5       0.4   0.3   0.3   0.3   0.4   0.6   0.4   0.5   0.6   0.6   0.3   0.6   0.0
1e6       0.1   0.0   0.0   0.1   0.1   0.3   0.0   0.4   0.2   0.1   0.3   0.0   0.6
-- Xg-b
a\c      1e-6  1e-5  1e-4  1e-3  1e-2  1e-1   1e0   1e1   1e2   1e3   1e4   1e5   1e6
1e-6      0.0   0.0   0.2   0.1   0.1   0.1   0.3   0.3   0.1   0.2   0.3   0.2   0.1
1e-5      0.2   0.0   0.2   0.0   0.0   0.0   0.3   0.4   0.0   0.2   0.2   0.2   0.0
1e-4      0.1   0.1   0.3   0.0   0.2   0.2   0.2   0.5   0.1   0.3   0.1   0.0   0.0
1e-3      0.2   0.0   0.0   0.2   0.1   0.2   0.3   0.5   0.2   0.4   0.1   0.2   0.0
1e-2      0.1   0.2   0.3   0.1   0.0   0.2   0.2   0.8   0.2   0.1   0.1   0.7   0.4
1e-1      0.2   0.0   0.2   0.0   0.1   0.0   0.4   0.5   0.4   0.4   0.4   0.8   0.3
1e0       0.4   0.4   0.5   0.4   0.5   0.5   0.7   0.6   0.6   0.7   0.5   0.6   0.0
1e1       0.2   0.0   0.0   0.0   0.2   0.1   0.1   0.2   0.6   0.5   0.5   0.5   0.2
1e2       0.3   0.2   0.2   0.0   0.2   0.2   0.1   0.0   0.0   0.6   0.2   0.6   0.1
1e3       0.1   0.0   0.1   0.0   0.2   0.1   0.4   0.0   0.3   0.3   0.2   0.1   0.2
1e4       0.1   0.2   0.0   0.1   0.1   0.3   0.2   0.2   0.3   0.2   0.3   0.3   0.3
1e5       0.1   0.1   0.2   0.3   0.1   0.2   0.0   0.2   0.1   0.2   0.2   0.5   0.0
1e6       0.0   0.0   0.0   0.1   0.2   0.0   0.0   0.0   0.0   0.1   0.1   0.0   0.3
-- Xg-c
a\c      1e-6  1e-5  1e-4  1e-3  1e-2  1e-1   1e0   1e1   1e2   1e3   1e4   1e5   1e6
1e-6      0.0   0.0   0.0   0.2   0.0   0.1   0.5   0.0   0.2   0.2   0.1   0.0   0.0
1e-5      0.0   0.0   0.1   0.2   0.1   0.2   0.5   0.3   0.2   0.0   0.0   0.0   0.1
1e-4      0.0   0.1   0.3   0.0   0.1   0.2   0.4   0.1   0.4   0.2   0.0   0.0   0.0
1e-3      0.0   0.1   0.1   0.0   0.1   0.2   0.5   0.2   0.4   0.0   0.0   0.0   0.0
1e-2      0.1   0.1   0.1   0.0   0.1   0.1   0.5   0.2   0.0   0.0   0.1   0.0   0.1
1e-1      0.1   0.1   0.4   0.1   0.1   0.3   0.7   0.0   0.2   0.0   0.0   0.1   0.2
1e0       0.1   0.1   0.1   0.2   0.5   0.5   0.9   0.2   0.4   0.1   0.1   0.0   0.1
1e1       0.5   0.4   0.4   0.4   0.8   0.5   0.6   0.3   0.3   0.1   0.0   0.0   0.2
1e2       0.1   0.2   0.3   0.1   0.3   0.4   0.8   0.4   0.3   0.3   0.0   0.1   0.0
1e3       0.3   0.4   0.4   0.3   0.4   0.2   0.8   0.4   0.2   0.5   0.0   0.0   0.0
1e4       0.3   0.3   0.2   0.3   0.0   0.3   0.5   0.6   0.3   0.4   0.4   0.0   0.1
1e5       0.4   0.3   0.3   0.3   0.8   0.7   0.9   0.6   0.1   0.3   0.2   0.2   0.2
1e6       0.1   0.0   0.0   0.1   0.2   0.3   0.3   0.2   0.0   0.2   0.3   0.2   0.2
-- Xg-d
a\c      1e-6  1e-5  1e-4  1e-3  1e-2  1e-1   1e0   1e1   1e2   1e3   1e4   1e5   1e6
1e-6      0.0   0.0   0.1   0.0   0.1   0.0   0.5   0.0   0.2   0.2   0.1   0.0   0.0
1e-5      0.0   0.0   0.1   0.1   0.2   0.1   0.5   0.2   0.2   0.0   0.0   0.0   0.1
1e-4      0.1   0.3   0.2   0.0   0.2   0.2   0.4   0.1   0.3   0.1   0.0   0.0   0.0
1e-3      0.2   0.0   0.0   0.0   0.0   0.2   0.4   0.2   0.3   0.0   0.0   0.0   0.0
1e-2      0.0   0.2   0.1   0.0   0.2   0.0   0.7   0.2   0.2   0.0   0.2   0.0   0.1
1e-1      0.1   0.0   0.3   0.2   0.2   0.1   0.9   0.0   0.3   0.2   0.0   0.1   0.1
1e0       0.4   0.4   0.4   0.5   0.6   0.3   0.5   0.0   0.2   0.0   0.0   0.0   0.1
1e1       0.0   0.3   0.1   0.0   0.2   0.0   0.0   0.4   0.3   0.2   0.1   0.0   0.1
1e2       0.3   0.2   0.1   0.1   0.2   0.1   0.2   0.1   0.6   0.1   0.1   0.0   0.0
1e3       0.1   0.2   0.1   0.0   0.2   0.0   0.0   0.0   0.2   0.2   0.1   0.0   0.0
1e4       0.1   0.2   0.1   0.1   0.2   0.2   0.4   0.2   0.4   0.1   0.0   0.0   0.0
1e5       0.1   0.1   0.2   0.3   0.3   0.1   0.3   0.0   0.2   0.2   0.2   0.4   0.2
1e6       0.0   0.0   0.0   0.1   0.1   0.1   0.2   0.1   0.1   0.0   0.0   0.2   0.4

GLOBAL worst 0.91 digits
cells above 1.0: 0
