0 0 2 9 1.910206530388668 -0.4617661290439445548065808311426368010286 6.274120327333404670394314581045589257731e-06 0.0 0.0 0.0 0.0 0.0 0.0 -0.4617661290439445548065808311426368010286 6.274120327333404670394314581045589257731e-06 0.0 0.0 0.0 0.0 0.0 0.0 0.9244406970512541810840405911560354517379 6.273892962290054814171965650064978578542e-06
0 0 4 9 12.608100512519298 -0.2749065843711064783596054625645566940808 6.27397859011560671694112344578201519485e-06 0.0 0.0 0.0 0.0 0.0 0.0 -0.2749065843711064783596054625645566940808 6.27397859011560671694112344578201519485e-06 0.0 0.0 0.0 0.0 0.0 0.0 0.5505620308404227685169184669010927570806 6.273822096480348637011116345376400077929e-06
0 0 3 9 5.836719960102594 -0.3483522472605141948708977274377766891179 6.274061269950866518038276673708853927941e-06 0.0 0.0 0.0 0.0 0.0 0.0 -0.3483522472605141948708977274377766891179 6.274061269950866518038276673708853927941e-06 0.0 0.0 0.0 0.0 0.0 0.0 0.6975265233906991751984363431049222153089 6.273863434799861139869957214174556739532e-06
0 1 5 11 470.72515481761656 -0.06551581851093314894241187222630218402782 6.270849256192695941245539949760132346562e-06 0.0 0.0 0.0 0.0 0.0 0.0 0.07878343054502466549700057305749919379465 6.272360698327623678735971606575788256176e-06 0.123692500791166953857448683801099532888 4.723526618783719556089950606940399288983e-10 0.0 0.0 0.1236925007911669538574486838010995328822 4.723526618783719556089950606940399288983e-10 -0.012886556728640903599224292870292640703 6.270745933147972102118963386432518511417e-06
1 0 6 11 481.83057984454746 0.06011360628498597117900789152430766468019 6.272230797590095533169078970624445921415e-06 0.0 0.0 0.1094786561261353935537501350437449800259 5.668190020722331601504323082746164645245e-10 0.0 0.0 -0.05929424264995129784575344722560040857386 6.270719366633822399003893014102944682286e-06 0.0 0.0 0.1094786561261353935537501350437449800229 5.668190020722331601504323082746164645245e-10 0.0 0.0 -0.0004502925627058555304596874354526388362771 6.27068099607579574625102935845273800249e-06
1 1 4 12 874.8702050296146 0.01539625877553422250147616787501623941558 6.269444442528096571212569870515873891185e-06 0.04922729063647075544713648572680835878585 1.511191151531592469275448073261113572735e-09 0.02430860599469949892678293103455622320078 3.778193805743038217121035938839905146988e-10 0.04922729063647075544713648572680835878585 1.511191151531592469275448073261113572735e-09 0.01539625877553422250147616787501623941558 6.269444442528096571212569870515873891185e-06 0.02430860599469949892678293103455622320078 3.778193805743038217121035938839905146988e-10 0.02430860599469949892678293103455622320078 3.778193805743038217121035938839905146988e-10 0.02430860599469949892678293103455622320078 3.778193805743038217121035938839905146988e-10 -0.03051372745699177918789877671813151451529 6.267776811603382036709783820631398909223e-06
1 0 2 11 459.3700607704307 0.1963437782549414524214013116399101356099 6.272608694646502557861541115044014930752e-06 0.0 0.0 0.1814318128392437714898544182213155868776 1.889437325257326990459924578743091120675e-10 0.0 0.0 -0.08801515703668953154320422358101068886302 6.271097231170328379951594672395732929384e-06 0.0 0.0 0.1814318128392437714898544182213155868717 1.889437325257326990459924578743091120675e-10 0.0 0.0 -0.1079147593671993147272162728498821891283 6.270869905255830594959709388878744892953e-06
1 0 4 11 463.3027063273366 0.1041113858545112146942285083849039559123 6.272466981821139901189358215865481776276e-06 0.0 0.0 0.1400123876595600796532562422502872352698 3.778844161592805863149028029563689146983e-10 0.0 0.0 -0.07235490768521288588715965520820013027164 6.270955530539992386674155157297981007088e-06 0.0 0.0 0.1400123876595600796532562422502872352698 3.778844161592805863149028029563689146983e-10 0.0 0.0 -0.03136369414676509861373207691929411348682 6.270799063836994053836017848590417424549e-06
1 0 3 11 459.55778352393537 0.1401406121625029771260675880436699988064 6.272549647427507014734009288397048366694e-06 0.0 0.0 0.1589592118645624561110957808514348491283 2.83414646008047459380350491843074349923e-10 0.0 0.0 -0.07984524726095427519210688553509435277747 6.271038189032603246689632729483891661909e-06 0.0 0.0 0.1589592118645624561110957808514348491254 2.83414646008047459380350491843074349923e-10 0.0 0.0 -0.05989146169244859357147236308700420624679 6.270840387928517869433970458770692831663e-06
0 0 5 9 22.56363831493496 -0.2225296757176575341402154525386197139552 6.273872288327914693315409085391215975336e-06 0.0 0.0 0.0 0.0 0.0 0.0 -0.2225296757176575341402154525386197139552 6.273872288327914693315409085391215975336e-06 0.0 0.0 0.0 0.0 0.0 0.0 0.4457454686427137070661355978281769866992 6.273768947498274900262227571564344453114e-06
0 1 6 11 481.83057984454746 -0.05929424264995129784575344722560040857386 6.270719366633822399003893014102944682286e-06 0.0 0.0 0.0 0.0 0.0 0.0 0.06011360628498597117900789152430766468019 6.272230797590095533169078970624445921415e-06 0.1094786561261353935537501350437449800259 5.668190020722331601504323082746164645245e-10 0.0 0.0 0.1094786561261353935537501350437449800229 5.668190020722331601504323082746164645245e-10 -0.0004502925627058555304596874354526388359097 6.27068099607579574625102935845273800249e-06
1 1 5 12 884.1056280688381 0.01237931827367217024508425422707254826833 6.269338186471302792062525413640933899665e-06 0.04395033345367013312122505061016652649925 1.511182006536120623681120981916364260255e-09 0.02533355452556708677120046202070243892009 4.722713677797616835794000615789584358214e-10 0.04395033345367013312122505061016652649925 1.511182006536120623681120981916364260255e-09 0.01237931827367217024508425422707254826833 6.269338186471302792062525413640933899665e-06 0.02533355452556708677120046202070243892009 4.722713677797616835794000615789584358214e-10 0.02533355452556708677120046202070243892009 4.722713677797616835794000615789584358214e-10 0.02533355452556708677120046202070243892009 4.722713677797616835794000615789584358214e-10 -0.02448354707290688518518317770352867767257 6.267723699203738858209458069689836416444e-06
0 1 2 11 459.3700607704307 -0.08801515703668953154320422358101068886302 6.271097231170328379951594672395732929384e-06 0.0 0.0 0.0 0.0 0.0 0.0 0.1963437782549414524214013116399101356099 6.272608694646502557861541115044014930752e-06 0.181431812839243771489854418221315586854 1.889437325257326990459924578743091120675e-10 0.0 0.0 0.1814318128392437714898544182213155868511 1.889437325257326990459924578743091120675e-10 -0.1079147593671993147272162728498821891287 6.270869905255830594959709388878744892953e-06
0 1 4 11 463.3027063273366 -0.07235490768521288588715965520820012989549 6.270955530539992386674155157297981007088e-06 0.0 0.0 0.0 0.0 0.0 0.0 0.1041113858545112146942285083849039562884 6.272466981821139901189358215865481776276e-06 0.1400123876595600796532562422502872352698 3.778844161592805863149028029563689146983e-10 0.0 0.0 0.1400123876595600796532562422502872352698 3.778844161592805863149028029563689146983e-10 -0.03136369414676509861373207691929411348608 6.270799063836994053836017848590417424549e-06
0 1 3 11 459.55778352393537 -0.07984524726095427519210688553509435296555 6.271038189032603246689632729483891661909e-06 0.0 0.0 0.0 0.0 0.0 0.0 0.1401406121625029771260675880436699986184 6.272549647427507014734009288397048366694e-06 0.1589592118645624561110957808514348491283 2.83414646008047459380350491843074349923e-10 0.0 0.0 0.1589592118645624561110957808514348491254 2.83414646008047459380350491843074349923e-10 -0.05989146169244859357147236308700420624679 6.270840387928517869433970458770692808705e-06
0 0 6 9 35.895754572378266 -0.1831874107915925129615962601725247062074 6.273742365231013729450495185529502748263e-06 0.0 0.0 0.0 0.0 0.0 0.0 -0.1831874107915925129615962601725247062074 6.273742365231013729450495185529502748263e-06 0.0 0.0 0.0 0.0 0.0 0.0 0.3670066188698481685495251607420881244316 6.27370398806804105634174755209532377769e-06
1 0 5 11 470.72515481761656 0.07878343054502466549700057305749919398273 6.272360698327623678735971606575788256176e-06 0.0 0.0 0.123692500791166953857448683801099532888 4.723526618783719556089950606940399288983e-10 0.0 0.0 -0.06551581851093314894241187222630218383974 6.270849256192695941245539949760132346562e-06 0.0 0.0 0.1236925007911669538574486838010995328822 4.723526618783719556089950606940399288983e-10 0.0 0.0 -0.012886556728640903599224292870292640703 6.270745933147972102118963386432518499938e-06
1 1 6 12 896.2481954976149 0.009741117369812184197026919926932870181144 6.269208319267312703049332427362744874625e-06 0.03917801071131722628319797359985901793838 1.51117082937788389111933240398662367812e-09 0.02562922706180667745395587202652915454745 5.667214497150607683102852014532116167545e-10 0.03917801071131722628319797359985901793838 1.51117082937788389111933240398662367812e-09 0.009741117369812184197026919926932870181144 6.269208319267312703049332427362744874625e-06 0.02562922706180667745395587202652915454745 5.667214497150607683102852014532116167545e-10 0.02562922706180667745395587202652915454745 5.667214497150607683102852014532116167545e-10 0.02562922706180667745395587202652915454745 5.667214497150607683102852014532116167545e-10 -0.01921131056047244870034370554649512067635 6.267658784485130770651018389452565829756e-06
1 1 2 11 864.4110555184292 0.02266631061543041402547304046238179133563 6.269586118770894806713122196088131918165e-06 0.0614004628253170559698874674875141394551 1.511203344925841622857611805441629561331e-09 0.0186418811571470193502809848075638421626 1.889112145291843684762039466603001440682e-10 0.06140046282531705596988746748751413945491 1.511203344925841622857611805441629561331e-09 0.02266631061543041402547304046238179133563 6.269586118770894806713122196088131918165e-06 0.0186418811571470193502809848075638421626 1.889112145291843684762039466603001440682e-10 0.01864188115714701935028098480756384216554 1.889112145291843684762039466603001440682e-10 0.01864188115714701935028098480756384216554 1.889112145291843684762039466603001440682e-10 -0.04504829369029678326622604782491705678656 6.267847628636246310493386851144468952088e-06
1 1 3 11 868.3842099652397 0.01881796215871936737733035988142866406802 6.269527086794671637804968642922657730143e-06 0.05503636988865966962049060491713572955572 1.511198264335605376603762586111433631977e-09 0.02224717055476557442545500038192791438299 2.833658691407626222244469236729579070442e-10 0.05503636988865966962049060491713572955572 1.511198264335605376603762586111433631977e-09 0.01881796215871936737733035988142866406802 6.269527086794671637804968642922657730143e-06 0.02224717055476557442545500038192791438299 2.833658691407626222244469236729579070442e-10 0.02224717055476557442545500038192791438006 2.833658691407626222244469236729579070442e-10 0.02224717055476557442545500038192791438006 2.833658691407626222244469236729579070442e-10 -0.03735401191293462016870468907695990780668 6.267818121469773960714457932419344385932e-06
