0 0 2 13 1.90289315964203 0.0002925425950021995662196867020334742941435 0.01446277610592838595674562802524963225882 0.0 0.0 0.0 0.0 0.0 0.0 0.0002925425950021995662196867020334742941435 0.01446277610592838595674562802524963225882 0.0 0.0 0.0 0.0 0.0 0.0 0.0002486199688447732933910348356264544380982 -0.02885792760019682531104137588223809564728
0 0 4 14 12.516605110174329 0.0002223769416113331571816487986533053277105 0.008620932769064028641667558162844777299145 0.0 0.0 0.0 0.0 0.0 0.0 0.0002223769416113331571816487986533053277105 0.008620932769064028641667558162844777299145 0.0 0.0 0.0 0.0 0.0 0.0 0.0002294390040233716895537505678049895140059 -0.01717492870088167952273308788546869801516
0 0 3 14 5.804078487817598 0.0002539303676478737171162999601440220879824 0.01091725703773636373480869759585367467037 0.0 0.0 0.0 0.0 0.0 0.0 0.0002539303676478737171162999601440220879824 0.01091725703773636373480869759585367467037 0.0 0.0 0.0 0.0 0.0 0.0 0.0002394618041523686171458371643534181554544 -0.02176719274396067757893126076528589332962
1 0 6 17 472.0976229727814 0.0001288455704179390023053204542629564852092 -0.001853114477451196575371806219520751643404 0.0 0.0 2.822000495396092957116580747904658068205e-05 -0.003419818547588944183905420064944001891873 0.0 0.0 8.091154058709041253435973743981440362408e-05 0.001875701506227038946449920494149040187091 0.0 0.0 2.822000495396092957116580747904658068205e-05 -0.003419818547588944183905420064944001891781 0.0 0.0 8.579712260460269432328262219240345875797e-05 3.697321249524832407248645903642368654145e-05
0 1 5 17 461.27736733049414 8.527538291226371452879220154031851787371e-05 0.002070368413462601101275701086632787961136 0.0 0.0 0.0 0.0 0.0 0.0 0.0001365785670192891544072395054258073998384 -0.002436177994349949503394782900943376143012 2.62300831647212924149762028957912138024e-05 -0.00386413771375772062243383954106053671998 0.0 0.0 2.62300831647212924149762028957912138024e-05 -0.00386413771375772062243383954106053671998 8.563981691483071520032079592808381280347e-05 0.000425639317605816951464454437197146054421
1 0 2 17 450.2795365310993 0.0001586647749736113746117482863635271452639 -0.00610898751621470084371366013194150647884 0.0 0.0 1.463046036103068210720023295534997705573e-05 -0.00566910407977474303687157421498058448758 0.0 0.0 9.796470412422823724992541287419179569969e-05 0.002774086550176347229821813868390470573678 0.0 0.0 1.463046036103068210720023295534997705573e-05 -0.005669104079774743036871574214980584487672 0.0 0.0 8.35841447914197735400036090456028606086e-05 0.003395277894073688732068110326541074908395
1 0 4 17 454.0571135951347 0.0001443161265477499625793631719341450595677 -0.003227326425395269911270189262543180966842 0.0 0.0 2.342977332027309145865167987117100309496e-05 -0.004374300851207794441344039129426348195099 0.0 0.0 8.967108523024257929068475498707268963213e-05 0.002284317751058856007351305264285493365287 0.0 0.0 2.342977332027309145865167987117100309496e-05 -0.004374300851207794441344039129426348195099 0.0 0.0 8.519836344993942997671999195801166971427e-05 0.00100306687104945856745232797749624495174
1 0 3 17 450.43072675308485 0.0001518108621110910801944190199543270390794 -0.004352917765433841649397197694454367646474 0.0 1.147943701974890144500719274631099294745e-41 1.963670803124980640988231697004941519691e-05 -0.004966591293024993477994042760262760052682 0.0 0.0 9.39727844828163091763509304053098323921e-05 0.002518598256291549046714898151689266720756 0.0 0.0 1.963670803124980640988231697004941519691e-05 -0.004966591293024993477994042760262760052682 0.0 0.0 8.449216624691304239417697601012660088322e-05 0.001894561352654733953332929871864866551362
1 1 4 18 856.5620841470019 7.857675393925747230436722782817050650557e-05 -0.0004590823875590518295153932595311922041977 2.733909041292920300256568892754906304953e-05 -0.001536546475153979830821398143432466138117 9.206096116462411874867581473237126524061e-06 -0.0007590958932261974454510229692461243817587 2.733909041292920300256568892754906304953e-05 -0.001536546475153979830821398143432466138117 7.857675393925747230436722782817050650557e-05 -0.0004590823875590518295153932595311922041977 9.206096116462411874867581473237126524061e-06 -0.0007590958932261974454510229692461243817587 9.206096116462411874867581473237126524061e-06 -0.0007590958932261974454510229692461243817128 9.206096116462411874867581473237126524061e-06 -0.0007590958932261974454510229692461243817128 4.89895435277919108987274299684880275891e-05 0.0009736281744770871207667398242562787634912
0 1 6 17 472.0976229727814 8.091154058709041253435973743981440288939e-05 0.001875701506227038946449920494149040187091 0.0 0.0 0.0 0.0 0.0 0.0 0.0001288455704179390023053204542629564844745 -0.001853114477451196575371806219520751643404 2.822000495396092957116580747904658068205e-05 -0.003419818547588944183905420064944001891873 0.0 0.0 2.822000495396092957116580747904658068205e-05 -0.003419818547588944183905420064944001891781 8.579712260460269432328262219240345875797e-05 3.697321249524832407248645903642368654719e-05
0 1 2 17 450.2795365310993 9.796470412422823724992541287419179533235e-05 0.002774086550176347229821813868390470573678 0.0 0.0 0.0 0.0 0.0 0.0 0.0001586647749736113746117482863635271448965 -0.00610898751621470084371366013194150647884 1.463046036103068210720023295534997705573e-05 -0.005669104079774743036871574214980584486846 0.0 0.0 1.463046036103068210720023295534997705573e-05 -0.005669104079774743036871574214980584487029 8.35841447914197735400036090456028606086e-05 0.003395277894073688732068110326541074908418
0 0 5 14 22.36456901217921 0.0001962069993107324281938998323367182681686 0.006983149906592890550844935704793404631503 0.0 0.0 0.0 0.0 0.0 0.0 0.0001962069993107324281938998323367182681686 0.006983149906592890550844935704793404631503 0.0 0.0 0.0 0.0 0.0 0.0 0.0002190801815828085141568302123725909886437 -0.01389981259950267567384303560589841603533
0 1 4 17 454.0571135951347 8.967108523024257929068475498707268853011e-05 0.00228431775105885600735130526428549335941 0.0 0.0 0.0 0.0 0.0 0.0 0.0001443161265477499625793631719341450584657 -0.003227326425395269911270189262543180972719 2.342977332027309145865167987117100309496e-05 -0.004374300851207794441344039129426348195099 0.0 0.0 2.342977332027309145865167987117100309496e-05 -0.004374300851207794441344039129426348195099 8.519836344993942997671999195801166971427e-05 0.00100306687104945856745232797749624495174
0 1 3 17 450.43072675308485 9.397278448281630917635093040530983312678e-05 0.002518598256291549046714898151689266723694 0.0 0.0 0.0 0.0 0.0 1.147943701974890144500719274631099294745e-41 0.0001518108621110910801944190199543270398141 -0.004352917765433841649397197694454367643535 1.963670803124980640988231697004941519691e-05 -0.004966591293024993477994042760262760052682 0.0 0.0 1.963670803124980640988231697004941519691e-05 -0.004966591293024993477994042760262760052682 8.449216624691304239417697601012660088322e-05 0.001894561352654733953332929871864866551368
1 1 5 18 865.6285650207799 7.645265680269216193039610542566284671322e-05 -0.0003649379331710901590715184283784005724057 2.636035298181281047425719975223842158557e-05 -0.001371681268824119954164791274566715341608 1.092615382907591416507169216202994251001e-05 -0.0007910104981224501062807169349481897498578 2.636035298181281047425719975223842158557e-05 -0.001371681268824119954164791274566715341608 7.645265680269216193039610542566284671322e-05 -0.0003649379331710901590715184283784005724057 1.092615382907591416507169216202994251001e-05 -0.0007910104981224501062807169349481897498578 1.092615382907591416507169216202994251001e-05 -0.0007910104981224501062807169349481897498119 1.092615382907591416507169216202994251001e-05 -0.0007910104981224501062807169349481897498119 4.957010236372405665459374967306465338888e-05 0.0007851846941191161242573296707187820520994
0 0 6 14 35.526379617262144 0.0001742580444612794837987730200612069515312 0.005752811730626878251613546217663619498494 0.0 0.0 0.0 0.0 0.0 0.0 0.0001742580444612794837987730200612069515312 0.005752811730626878251613546217663619498494 0.0 0.0 0.0 0.0 0.0 0.0 0.000208712932837553430742145286605746268321 -0.01143963828986369434938780542287525150019
1 0 5 17 461.27736733049414 0.000136578567019289154407239505425807398369 -0.002436177994349949503394782900943376145951 0.0 0.0 2.62300831647212924149762028957912138024e-05 -0.00386413771375772062243383954106053671998 0.0 0.0 8.527538291226371452879220154031851640434e-05 0.002070368413462601101275701086632787958198 0.0 0.0 2.62300831647212924149762028957912138024e-05 -0.00386413771375772062243383954106053671998 0.0 0.0 8.563981691483071520032079592808381280347e-05 0.000425639317605816951464454437197146054421
1 1 6 18 877.5511283438792 7.410713253823569680091057992956281627761e-05 -0.0002826495078813040497003901909319875185615 2.529211048472122827321117286622431660366e-05 -0.001222590289248635806568726888722486447329 1.239460900780171486547811723021215912284e-05 -0.0008001453350296669301687429897845763667079 2.529211048472122827321117286622431660366e-05 -0.001222590289248635806568726888722486447329 7.410713253823569680091057992956281627761e-05 -0.0002826495078813040497003901909319875185615 1.239460900780171486547811723021215912284e-05 -0.0008001453350296669301687429897845763667079 1.239460900780171486547811723021215912284e-05 -0.0008001453350296669301687429897845763667538 1.239460900780171486547811723021215912284e-05 -0.0008001453350296669301687429897845763667538 5.013599463343874946839887998568476966434e-05 0.0006204221584673608676291157834099153914214
1 1 2 18 846.294236248255 8.184012368273501683267416550381867247066e-05 -0.0006860758889105878650602624729728516248606 2.886604268506566213341856190951414998308e-05 -0.001916897672869424680975060911690445432539 5.011759955692120930252709441143664856796e-06 -0.0005822698241931486049369662402497848489805 2.886604268506566213341856190951414998308e-05 -0.001916897672869424680975060911690445432545 8.184012368273501683267416550381867247066e-05 -0.0006860758889105878650602624729728516248606 5.011759955692120930252709441143664856796e-06 -0.0005822698241931486049369662402497848489805 5.011759955692120930252709441143664856796e-06 -0.0005822698241931486049369662402497848490264 5.011759955692120930252709441143664856796e-06 -0.0005822698241931486049369662402497848490264 4.795605735645006185663787388824682782644e-05 0.001427825370080860337294660344842929400335
1 1 3 18 850.1950743512471 8.040250615851252260454483538158153438371e-05 -0.0005658992717422222729931604042412461415246 2.818957639547660215066409626009172979428e-05 -0.001718046290107174819041993251339623203955 7.231367839343265548482164703994688777539e-06 -0.0006948009709983129440429919450884476184378 2.818957639547660215066409626009172979428e-05 -0.001718046290107174819041993251339623203955 8.040250615851252260454483538158153438371e-05 -0.0005658992717422222729931604042412461415246 7.231367839343265548482164703994688777539e-06 -0.0006948009709983129440429919450884476184378 7.231367839343265548482164703994688777539e-06 -0.0006948009709983129440429919450884476184838 7.231367839343265548482164703994688777539e-06 -0.0006948009709983129440429919450884476184838 4.843460112725561196408150743958736612324e-05 0.001187383951400423055429811516320384641176
