0 0 2 15 1.8306206648582692 -0.006907559242014600666971309908038473079218 4.978886087888202494589084087417723114922e-05 0.0 0.0 0.0 0.0 0.0 0.0 -0.006907559242014600666971309908038473079218 4.978886087888202494589084087417723114922e-05 0.0 0.0 0.0 0.0 0.0 0.0 0.01470787970771234195882237068862106927733 4.967321489536110332653752839823732529139e-05
0 0 4 15 11.588526044924922 -0.004057573061255384125904862866350835476886 4.97166665855402739802935446256804126433e-05 0.0 0.0 0.0 0.0 0.0 0.0 -0.004057573061255384125904862866350835476886 4.97166665855402739802935446256804126433e-05 0.0 0.0 0.0 0.0 0.0 0.0 0.008846902498462294093293254082433872594663 4.963720898820793058591019662111739522053e-05
0 0 3 15 5.477399781339699 -0.005173752376772951912370945965410416130405 4.975877311814129887351925541621811915059e-05 0.0 0.0 0.0 0.0 0.0 0.0 -0.005173752376772951912370945965410416130405 4.975877311814129887351925541621811915059e-05 0.0 0.0 0.0 0.0 0.0 0.0 0.01115322783506062010124907456673389920614 4.965821017078328039603330400462499810898e-05
0 1 5 19 337.4652280306877 -0.0009272897032371820004762767842875732381888 4.81449283371297049837980036686947519349e-05 0.0 0.0 0.0 0.0 0.0 0.0 0.001380688261351563419553824964074199565666 4.890136103926079242750009397224812097538e-05 0.001959510645289509009519804112075719856349 2.372557246354637982705449405029876769337e-07 0.0 0.0 0.001959510645289509009519804112075719856349 2.372557246354637982705449405029876769337e-07 -0.0001047781400776845141077653998562040979278 4.809316135388726096976321813810852008718e-05
1 0 6 19 343.3828684324039 0.001081070400454042747172467974508781317057 4.883599446666552100629533584948475612873e-05 0.0 0.0 0.001739551783452046178863336268969872392388 2.845715569085029789779733473000035386279e-07 0.0 0.0 -0.0008346200379353616458174529754045094558264 4.807992156993436748263333224407819121111e-05 0.0 0.0 0.001739551783452046178863336268969872392342 2.845715569085029789779733473000035386279e-07 0.0 0.0 8.960197487450646685649929229850999182968e-05 4.806090625039657769459684505884853494525e-05
1 1 4 21 561.6760695905136 0.000328568831786619424753133535459089925413 4.745304060176216208708986317350834617672e-05 0.0007983555656965316340512708609854292673823 7.484114579882323819059085855774042296602e-07 0.0003894986352339328139887866770489256248154 1.877929333715152486750559233849030867461e-07 0.0007983555656965316340512708609854292673823 7.484114579882323819059085855774042296602e-07 0.000328568831786619424753133535459089925413 4.745304060176216208708986317350834617672e-05 0.0003894986352339328139887866770489256248154 1.877929333715152486750559233849030867461e-07 0.0003894986352339328139887866770489256248154 1.877929333715152486750559233849030867461e-07 0.0003894986352339328139887866770489256248154 1.877929333715152486750559233849030867461e-07 -0.0004204050332073884924702001793991118416228 4.66269078075122015807712458885678063534e-05
1 0 2 19 333.2058222219113 0.003239901676914553930674955354938205636516 4.90262812450753120196918135814227736285e-05 -5.739718509874450722503596373155496473724e-42 0.0 0.002849691605280554379273613970396425991581 9.498844415375609939956433265665738087108e-08 0.0 0.0 -0.00126585022361876287286667463331173256628 4.826916127261228324328014418216605484068e-05 0.0 0.0 0.002849691605280554379273613970396425991535 9.498844415375609939956433265665738087108e-08 0.0 0.0 -0.00159144400208565097550541279775867249593 4.815478197641039606861049169355510896093e-05
1 0 4 19 333.7945013786735 0.001784300654263002782595088334938445832532 4.895487745542494564761714967988029564227e-05 0.0 0.0 0.002211568698111127118001131438144515428913 1.898784113830371112309790592953009556624e-07 0.0 0.0 -0.001029614390608733583379057799557889062928 4.819815026819861134331873110077054748115e-05 0.0 0.0 0.002211568698111127118001131438144515428867 1.898784113830371112309790592953009556624e-07 0.0 0.0 -0.0003938433624780697453408069834673319752873 4.811956332844710016458607368388201327292e-05
1 0 3 19 332.3973368589098 0.002354833713084517838220346888708580932875 4.899652291887584882644923469225038656572e-05 0.0 0.0 0.0025036861486429938046482565404328992348 1.42451888577499980042184185581155990864e-07 0.0 0.0 -0.001142248479631645420037668163123501020287 4.823956662615912261592124049011386161214e-05 0.0 0.0 0.002503686148642993804648256540432899234709 1.42451888577499980042184185581155990864e-07 0.0 0.0 -0.0008402271276064575220841386929397869891734 4.814010531502462484442343560346648685631e-05
0 0 5 16 20.316351679261977 -0.003265351677352547983835070253223254682366 4.966255760476371622939599217508287525814e-05 0.0 0.0 0.0 0.0 0.0 0.0 -0.003265351677352547983835070253223254682366 4.966255760476371622939599217508287525814e-05 0.0 0.0 0.0 0.0 0.0 0.0 0.007198775022295031605588962377204986408542 4.961021677728510033709645903573861023856e-05
0 1 6 19 343.3828684324039 -0.0008346200379353616458174529754045094558264 4.807992156993436748263333224407819121111e-05 0.0 0.0 0.0 0.0 0.0 0.0 0.001081070400454042747172467974508781317057 4.883599446666552100629533584948475612873e-05 0.001739551783452046178863336268969872392388 2.845715569085029789779733473000035386279e-07 0.0 0.0 0.001739551783452046178863336268969872392342 2.845715569085029789779733473000035386279e-07 8.960197487450646685649929229850999183254e-05 4.806090625039657769459684505884853494669e-05
1 1 5 21 565.7034916049648 0.0002791754643572205510754608821771617428048 4.740040366094499853440230134808835977811e-05 0.0007149202152803271263706198575148871939288 7.481194887172641741482559731676817834716e-07 0.0004073522273285722798445309423043721958889 2.346496653382649228227672603071743997285e-07 0.0007149202152803271263706198575148871939288 7.481194887172641741482559731676817834716e-07 0.0002791754643572205510754608821771617428048 4.740040366094499853440230134808835977811e-05 0.0004073522273285722798445309423043721958889 2.346496653382649228227672603071743997285e-07 0.000407352227328572279844530942304372195843 2.346496653382649228227672603071743997285e-07 0.000407352227328572279844530942304372195843 2.346496653382649228227672603071743997285e-07 -0.000325659690304319737501594825623697534032 4.66010885112258927493583506384667900173e-05
0 1 2 19 333.2058222219113 -0.00126585022361876287286667463331173256628 4.826916127261228324328014418216605484068e-05 0.0 0.0 0.0 0.0 -5.739718509874450722503596373155496473724e-42 0.0 0.003239901676914553930674955354938205636516 4.90262812450753120196918135814227736285e-05 0.002849691605280554379273613970396425991214 9.498844415375609939956433265665738087108e-08 0.0 0.0 0.002849691605280554379273613970396425991168 9.498844415375609939956433265665738087108e-08 -0.001591444002085650975505412797758672495935 4.81547819764103960686104916935551089595e-05
0 1 4 19 333.7945013786735 -0.001029614390608733583379057799557889059989 4.819815026819861134331873110077054748115e-05 0.0 0.0 0.0 0.0 0.0 0.0 0.00178430065426300278259508833493844583547 4.895487745542494564761714967988029564227e-05 0.002211568698111127118001131438144515428913 1.898784113830371112309790592953009556624e-07 0.0 0.0 0.002211568698111127118001131438144515428867 1.898784113830371112309790592953009556624e-07 -0.0003938433624780697453408069834673319752873 4.811956332844710016458607368388201327436e-05
0 1 3 19 332.3973368589098 -0.001142248479631645420037668163123501021757 4.823956662615912261592124049011386161214e-05 0.0 0.0 0.0 0.0 0.0 0.0 0.002354833713084517838220346888708580931406 4.899652291887584882644923469225038656572e-05 0.0025036861486429938046482565404328992348 1.42451888577499980042184185581155990864e-07 0.0 0.0 0.002503686148642993804648256540432899234709 1.42451888577499980042184185581155990864e-07 -0.0008402271276064575220841386929397869891792 4.814010531502462484442343560346648685775e-05
1 0 5 19 337.4652280306877 0.001380688261351563419553824964074199567136 4.890136103926079242750009397224812097538e-05 0.0 0.0 0.001959510645289509009519804112075719856349 2.372557246354637982705449405029876769337e-07 0.0 0.0 -0.0009272897032371820004762767842875732367194 4.81449283371297049837980036686947519349e-05 0.0 0.0 0.001959510645289509009519804112075719856349 2.372557246354637982705449405029876769337e-07 0.0 0.0 -0.0001047781400776845141077653998562040979278 4.809316135388726096976321813810852008861e-05
0 0 6 16 31.668132404267986 -0.002672688266293100218657791022707707296896 4.959646715090928259444847949765922752106e-05 0.0 0.0 0.0 0.0 0.0 0.0 -0.002672688266293100218657791022707707296896 4.959646715090928259444847949765922752106e-05 0.0 0.0 0.0 0.0 0.0 0.0 0.005958073988036981756553226207051628892613 4.957724051587499545584122036618186187821e-05
1 1 6 21 571.151910781197 0.0002354494269764355596506119179770528729392 4.733611152084690633598799220029059083645e-05 0.0006392782087456466067747429643329367805146 7.477627573691399053726213594646181284583e-07 0.0004135584568315289839878126348296020270447 2.814454414863750606545570167236743132664e-07 0.0006392782087456466067747429643329367805146 7.477627573691399053726213594646181284583e-07 0.0002354494269764355596506119179770528729392 4.733611152084690633598799220029059083645e-05 0.0004135584568315289839878126348296020270447 2.814454414863750606545570167236743132664e-07 0.0004135584568315289839878126348296020270907 2.814454414863750606545570167236743132664e-07 0.0004135584568315289839878126348296020270907 2.814454414863750606545570167236743132664e-07 -0.0002427826944809928298139180714923299319964 4.656954533052634045428034718974066059412e-05
1 1 2 21 557.4807067150024 0.0004455974598294027938826673399950951819074 4.752327120551629498545301283972464360595e-05 0.0009900915348644012951365899498548819293366 7.488008878249438714796252126176123876245e-07 0.0002965246072236415990144221259419239977375 9.394528464427226493299497155935833651306e-08 0.0009900915348644012951365899498548819293366 7.488008878249438714796252126176123876245e-07 0.0004455974598294027938826673399950951819074 4.752327120551629498545301283972464360595e-05 0.0002965246072236415990144221259419239977375 9.394528464427226493299497155935833651306e-08 0.0002965246072236415990144221259419239976916 9.394528464427226493299497155935833651306e-08 0.0002965246072236415990144221259419239976916 9.394528464427226493299497155935833651306e-08 -0.0006484620106346969924748900232138035092923 4.666134927664452123386970384292310211401e-05
1 1 3 21 558.9827578449691 0.0003839587989492438345062063233214965288058 4.749400178346822575722700636856265151179e-05 0.0008899752417492879311240981524334832998851 7.486386062963746721154738501030891372068e-07 0.0003551951479516982824860544483768683183255 1.408874121533571686692118280156271858458e-07 0.0008899752417492879311240981524334832998851 7.486386062963746721154738501030891372068e-07 0.0003839587989492438345062063233214965288058 4.749400178346822575722700636856265151179e-05 0.0003551951479516982824860544483768683183255 1.408874121533571686692118280156271858458e-07 0.0003551951479516982824860544483768683183714 1.408874121533571686692118280156271858458e-07 0.0003551951479516982824860544483768683183714 1.408874121533571686692118280156271858458e-07 -0.0005277939170786685900787060662363997752022 4.66469964778975589387007267378211628656e-05
