0 0 2 15 1.9198687076832786 0.006267683773325991866292882243797279039279 0.003208099161218852837805576681676249517221 0.0 0.0 0.0 0.0 0.0 0.0 0.006267683773325991866292882243797279039279 0.003208099161218852837805576681676249517221 0.0 0.0 0.0 0.0 0.0 0.0 -0.01176329493324041370269393145405846492963 -0.006385651319587018081290490007099247310177
0 0 3 15 5.88291184055876 0.004757161477963432238566475284173837133544 0.002422845063686918877882642117795542008179 0.0 0.0 0.0 0.0 0.0 0.0 0.004757161477963432238566475284173837133544 0.002422845063686918877882642117795542008179 0.0 0.0 0.0 0.0 0.0 0.0 -0.008828104081759448861246025854194943456936 -0.004815415091403676403067496618378918067228
0 0 4 16 12.746654889429623 0.003772462972035924604442756501065773190081 0.001914208860386603455151611798580876000034 0.0 0.0 0.0 0.0 0.0 0.0 0.003772462972035924604442756501065773190081 0.001914208860386603455151611798580876000034 0.0 0.0 0.0 0.0 0.0 0.0 -0.006931171163093912344753307684566965612099 -0.003798483658025974094205571965068646557455
1 0 6 19 516.512193057397 -0.0006666077561097955049075868614201166231447 -0.0004063257185174038599423692542704575220474 0.0 0.0 -0.001392794875362173553476536565793528586467 -0.000757040284955122842077468522259182535072 0.0 0.0 0.0008360931705329507089780775418638510281382 0.0004187855114514244132270886363668335877775 0.0 0.0 -0.001392794875362173553476536565793528586421 -0.000757040284955122842077468522259182535072 0.0 0.0 7.750164178237893586413053743271886922248e-05 1.159340909115650478869720759687171939008e-05
0 1 5 19 503.66996818368284 0.0009210759387979300584441805603236815437155 0.0004619542993990588774494525260390362954312 0.0 0.0 0.0 0.0 0.0 0.0 -0.0009012347813705494406819698130178677742077 -0.0005353729628761238653979116502740314294801 -0.001579130093441544760417744232209321015654 -0.0008554769241431693511430596316964041948122 0.0 0.0 -0.001579130093441544760417744232209321015631 -0.0008554769241431693511430596316964041948122 0.0002386567738040501044119305749273523347776 9.768316864392140416447567928256425836157e-05
1 0 2 19 489.75573068488734 -0.00240472518901089375384346380079965228021 -0.001348572995566794544952835348466368581924 0.0 0.0 -0.002339693943724972382615286709854520048136 -0.001255334966416005471187272666375743292176 0.0 0.0 0.001225530201608482730273961038277140299995 0.0006179186403095863794141069418541632150895 0.0 0.0 -0.002339693943724972382615286709854520048044 -0.001255334966416005471187272666375743292199 0.0 0.0 0.001469534191118056502979373998429355881125 0.0007553539034003685095029477754197332383314
1 0 4 19 494.96840379386356 -0.001222222845513426926350025171373409071058 -0.0007105113245752467952601723153260099119292 0.0 0.0 -0.001793604922453463049488199386442731870019 -0.0009684984787951450150386133072684709789617 0.0 0.0 0.00101412777595081283238373665375272022941 0.0005093850667322508338227488014145173980652 0.0 0.0 -0.00179360492245346304948819938644273186995 -0.0009684984787951450150386133072684709789388 0.0 0.0 0.0004779194402500598144008705901469040073751 0.0002255713337309825066508670141477855067323
1 0 3 19 490.3783943510546 -0.001682281505537682485680936059344582365315 -0.0009597247840241849236673655970911105764382 0.0 0.0 -0.002043163714197828534088937518202602241992 -0.001099710717537162242986145197834592764853 0.0 0.0 0.001115561900804592161496649314993684740755 0.0005613088737557231942947047475536444910759 0.0 0.0 -0.002043163714197828534088937518202602241969 -0.001099710717537162242986145197834592764807 0.0 0.0 0.0008473390529456456493287685649722231991705 0.0004230072064774377874693427642285452372222
0 1 6 19 516.512193057397 0.0008360931705329507089780775418638510281382 0.0004187855114514244132270886363668335877775 0.0 0.0 0.0 0.0 0.0 0.0 -0.0006666077561097955049075868614201166231447 -0.0004063257185174038599423692542704575220474 -0.001392794875362173553476536565793528586467 -0.000757040284955122842077468522259182535072 0.0 0.0 -0.001392794875362173553476536565793528586421 -0.000757040284955122842077468522259182535072 7.750164178237893586413053743271886922248e-05 1.159340909115650478869720759687171939295e-05
0 1 2 19 489.75573068488734 0.001225530201608482730273961038277140299261 0.0006179186403095863794141069418541632147222 0.0 0.0 0.0 0.0 0.0 0.0 -0.002404725189010893753843463800799652280944 -0.001348572995566794544952835348466368582292 -0.002339693943724972382615286709854520047953 -0.001255334966416005471187272666375743292084 0.0 0.0 -0.002339693943724972382615286709854520047907 -0.001255334966416005471187272666375743292038 0.001469534191118056502979373998429355881119 0.0007553539034003685095029477754197332383372
1 1 4 21 973.2463361191925 -0.0001345348785035044597836959064091562845553 -9.854898995055056558374339199176263559294e-05 -0.000612504824103062895315818655748848091088 -0.0003397869319343650153391287922406917735335 -0.0003064967454207792678529280849676216062695 -0.0001679669112561902046220114681281840221271 -0.000612504824103062895315818655748848091088 -0.0003397869319343650153391287922406917735335 -0.0001345348785035044597836959064091562845553 -9.854898995055056558374339199176263559294e-05 -0.0003064967454207792678529280849676216062695 -0.0001679669112561902046220114681281840221271 -0.0003064967454207792678529280849676216062925 -0.0001679669112561902046220114681281840221271 -0.0003064967454207792678529280849676216062925 -0.0001679669112561902046220114681281840221271 0.0004327988151317855705143031689534639753896 0.0002181921329856831009267646853891981516701
0 1 4 19 494.96840379386356 0.001014127775950812832383736653752720225737 0.0005093850667322508338227488014145173962285 0.0 0.0 0.0 0.0 0.0 0.0 -0.001222222845513426926350025171373409074731 -0.000710511324575246795260172315326009913766 -0.001793604922453463049488199386442731870019 -0.0009684984787951450150386133072684709789617 0.0 0.0 -0.00179360492245346304948819938644273186995 -0.0009684984787951450150386133072684709789388 0.0004779194402500598144008705901469040073751 0.0002255713337309825066508670141477855067323
0 1 3 19 490.3783943510546 0.001115561900804592161496649314993684743693 0.0005613088737557231942947047475536444925452 0.0 0.0 0.0 0.0 0.0 0.0 -0.001682281505537682485680936059344582362376 -0.0009597247840241849236673655970911105749689 -0.002043163714197828534088937518202602241992 -0.001099710717537162242986145197834592764853 0.0 0.0 -0.002043163714197828534088937518202602241969 -0.001099710717537162242986145197834592764807 0.000847339052945645649328768564972223199182 0.000423007206477437787469342764228545237215
0 0 5 16 22.885965154572062 0.0030666425076690025456045097262199704348 0.001551393921450281382809056463689429907375 0.0 0.0 0.0 0.0 0.0 0.0 0.0030666425076690025456045097262199704348 0.001551393921450281382809056463689429907375 0.0 0.0 0.0 0.0 0.0 0.0 -0.005581456600831587726855405585569916299929 -0.003073247940670960905539834080427324872121
1 1 5 21 984.831850940006 -9.743543716651659947490382975197919579212e-05 -7.773577713768591669513458969467953090911e-05 -0.0005450072625290252343925818634014942225334 -0.0003032834213376870415407006375174774860929 -0.0003181467964459271186271761958201947000439 -0.0001750028920589074409874016426207109971945 -0.0005450072625290252343925818634014942225334 -0.0003032834213376870415407006375174774860929 -9.743543716651659947490382975197919579212e-05 -7.773577713768591669513458969467953090911e-05 -0.0003181467964459271186271761958201947000439 -0.0001750028920589074409874016426207109971945 -0.000318146796445927118627176195820194700021 -0.0001750028920589074409874016426207109971945 -0.000318146796445927118627176195820194700021 -0.0001750028920589074409874016426207109971945 0.0003551642405518658430878790842788457286168 0.0001764541533895329124931794422536093115913
0 0 6 16 36.53480200375661 0.002534263382748665786061097697040365160376 0.001278798246187735510746560515644458596788 0.0 0.0 0.0 0.0 0.0 0.0 0.002534263382748665786061097697040365160376 0.001278798246187735510746560515644458596788 0.0 0.0 0.0 0.0 0.0 0.0 -0.004570107922515631827651067313898957906764 -0.002528491527279157411701086314441794545189
1 0 5 19 503.66996818368284 -0.0009012347813705494406819698130178677756771 -0.0005353729628761238653979116502740314302147 0.0 0.0 -0.001579130093441544760417744232209321015654 -0.0008554769241431693511430596316964041948122 0.0 0.0 0.0009210759387979300584441805603236815422461 0.0004619542993990588774494525260390362946965 0.0 0.0 -0.001579130093441544760417744232209321015631 -0.0008554769241431693511430596316964041948122 0.0 0.0 0.0002386567738040501044119305749273523347776 9.768316864392140416447567928256425835727e-05
1 1 2 21 959.896884929569 -0.000225706386732738874030284218904153513462 -0.0001487686550332509747308944935223258893253 -0.0007689373024127989299304555105179009450528 -0.0004240079594256598005172680995140987365399 -0.0002370196627580306421791155320159749370303 -0.0001288753201145387695826499596281943342708 -0.0007689373024127989299304555105179009450499 -0.0004240079594256598005172680995140987365414 -0.000225706386732738874030284218904153513462 -0.0001487686550332509747308944935223258893253 -0.0002370196627580306421791155320159749370303 -0.0001288753201145387695826499596281943342708 -0.0002370196627580306421791155320159749370074 -0.0001288753201145387695826499596281943342708 -0.0002370196627580306421791155320159749370074 -0.0001288753201145387695826499596281943342593 0.0006203184165044020127698907359530891075363 0.0003187840403109794346126742608553924402186
1 1 6 21 999.9790947371025 -6.545478249729343678969633797765677544668e-05 -5.955473641249693921492064315513312877273e-05 -0.0004841455370886558976553720074282879802559 -0.0002702742749741240159239398477420416307947 -0.0003205847453768065888100946079294781738044 -0.0001769958159989138361731185650424039880405 -0.0004841455370886558976553720074282879802559 -0.0002702742749741240159239398477420416307947 -6.545478249729343678969633797765677544668e-05 -5.955473641249693921492064315513312877273e-05 -0.0003205847453768065888100946079294781738044 -0.0001769958159989138361731185650424039880405 -0.0003205847453768065888100946079294781738274 -0.000176995815998913836173118565042403988052 -0.0003205847453768065888100946079294781738274 -0.000176995815998913836173118565042403988052 0.0002873554275175623056388875917808642977862 0.0001399587428267357343645411261927458347882
1 1 3 21 965.0270830567198 -0.0001771673068241581246875639240276334573942 -0.0001221757180738404951200515379508397218142 -0.000687033806865664371709605572486833111645 -0.0003799754785557168975682643558233912534142 -0.0002816519400120614469893887293933376285316 -0.0001537615907804371304066847411076266482565 -0.000687033806865664371709605572486833111645 -0.0003799754785557168975682643558233912534142 -0.0001771673068241581246875639240276334573942 -0.0001221757180738404951200515379508397218142 -0.0002816519400120614469893887293933376285316 -0.0001537615907804371304066847411076266482565 -0.0002816519400120614469893887293933376285316 -0.0001537615907804371304066847411076266482565 -0.0002816519400120614469893887293933376285316 -0.0001537615907804371304066847411076266482565 0.0005209766047860309704593782256965155279508 0.0002655340249879752057346536113051582460502
