11 64 0 1 0 1 18 28.49369487320042 2.345606449484298988898016503968884560117 0.0738060832249029267525617916975151051226 0.0 0.0 0.0 0.0 0.0 0.0 -0.9259435553012422390025992172183344002219 0.07262230730796756116261096458232763370983 0.0 0.0 0.0 0.0 0.0 0.0 -0.9259435553012422390025992172183344002219 0.07262230730796756116261096458232763370983
13 64 0 1 0 1 18 38.77149961377876 1.75904067444351395168299087318777067999 0.07333754627282949331307216290716581687176 0.0 -1.175494350822287507968736537222245677819e-38 -1.410593220986745009562483844666694813382e-37 -1.175494350822287507968736537222245677819e-38 0.0 0.0 -0.6735979487497447098254029029192499585242 0.07169165887746555728848806038325923574413 0.0 0.0 0.0 0.0 0.0 0.0 -0.6735979487497447098254029029192499585242 0.07169165887746555728848806038325923574413
15 64 0 1 0 1 19 49.58566295255689 1.316123906417930633060828209708029611267 0.0727936017242963342044400578431815434562 2.350988701644575015937473074444491355637e-38 -1.175494350822287507968736537222245677819e-38 2.350988701644575015937473074444491355637e-38 -1.175494350822287507968736537222245677819e-38 0.0 0.0 -0.4848191360258311791504835665388321848222 0.07061391419791954468703341612383521519055 0.0 0.0 0.0 0.0 0.0 0.0 -0.4848191360258311791504835665388321848222 0.07061391419791954468703341612383521519055
17 64 0 1 0 1 19 60.74725338001536 0.9956103088932502698142790605644861436188 0.07217547285175281396925391175037973019598 2.350988701644575015937473074444491355637e-38 0.0 -4.701977403289150031874946148888982711275e-38 -1.175494350822287507968736537222245677819e-38 0.0 0.0 -0.3511585288373832481772326473478373769974 0.06939271310740261562687048454342435983644 0.0 0.0 0.0 0.0 0.0 0.0 -0.3511585288373832481772326473478373769974 0.06939271310740261562687048454342435983644
21 64 0 1 0 1 20 83.64657984466763 0.6007824829657301734205189163532735149438 0.07072237344565547093201087858063143713888 0.0 1.175494350822287507968736537222245677819e-38 2.350988701644575015937473074444491355637e-38 2.350988701644575015937473074444491355637e-38 0.0 0.0 -0.1944867596492602897381664091043398853923 0.0665368799046828372378955445039735484527 0.0 0.0 0.0 0.0 0.0 0.0 -0.1944867596492602897381664091043398853923 0.0665368799046828372378955445039735484527
-11 64 0 1 0 1 18 28.49369487320042 2.345606449484298988898016503968884560117 0.0738060832249029267525617916975151051226 0.0 0.0 0.0 0.0 0.0 0.0 -0.9259435553012422390025992172183344002454 0.07262230730796756116261096458232763370983 0.0 0.0 0.0 0.0 0.0 0.0 -0.9259435553012422390025992172183344002454 0.07262230730796756116261096458232763370983
-13 64 0 1 0 1 18 38.77149961377876 1.759040674443513951682990873187770680178 0.07333754627282949331307216290716581687176 1.175494350822287507968736537222245677819e-38 1.175494350822287507968736537222245677819e-38 1.175494350822287507968736537222245677819e-37 1.175494350822287507968736537222245677819e-38 0.0 0.0 -0.6735979487497447098254029029192499584067 0.07169165887746555728848806038325923574413 0.0 0.0 0.0 0.0 0.0 0.0 -0.6735979487497447098254029029192499584067 0.07169165887746555728848806038325923574413
-15 64 0 1 0 1 19 49.58566295255689 1.316123906417930633060828209708029611138 0.0727936017242963342044400578431815434562 -1.175494350822287507968736537222245677819e-38 1.175494350822287507968736537222245677819e-38 -3.526483052466862523906209611666737033456e-38 1.175494350822287507968736537222245677819e-38 0.0 0.0 -0.4848191360258311791504835665388321849045 0.07061391419791954468703341612383521519055 0.0 0.0 0.0 0.0 0.0 0.0 -0.4848191360258311791504835665388321849045 0.07061391419791954468703341612383521519055
-17 64 0 1 0 1 19 60.74725338001536 0.9956103088932502698142790605644861435718 0.07217547285175281396925391175037973019598 -2.350988701644575015937473074444491355637e-38 0.0 4.701977403289150031874946148888982711275e-38 1.175494350822287507968736537222245677819e-38 0.0 0.0 -0.3511585288373832481772326473478373770209 0.06939271310740261562687048454342435983644 0.0 0.0 0.0 0.0 0.0 0.0 -0.3511585288373832481772326473478373770209 0.06939271310740261562687048454342435983644
-21 64 0 1 0 1 20 83.64657984466763 0.6007824829657301734205189163532735150378 0.07072237344565547093201087858063143713888 -5.877471754111437539843682686111228389093e-39 -1.175494350822287507968736537222245677819e-38 -2.938735877055718769921841343055614194547e-38 -2.350988701644575015937473074444491355637e-38 0.0 0.0 -0.1944867596492602897381664091043398853453 0.0665368799046828372378955445039735484527 0.0 0.0 0.0 0.0 0.0 0.0 -0.1944867596492602897381664091043398853453 0.0665368799046828372378955445039735484527
