7 64 0 1 0 1 21 19.074250331414692 0.2246208920488497470789851837505719526453 0.02384638446846735009051814158456299063798 0.0 0.0 5.877471754111437539843682686111228389093e-39 2.20405190779178907744138100729171064591e-39 0.0 0.0 -0.07125737545834028463085472063589359325411 0.02270467084848270587692561832292856593293 0.0 0.0 0.0 0.0 0.0 0.0 -0.07125737545834028463085472063589359325411 0.02270467084848270587692561832292856593293
7 64 3 64 0 1 22 22.126459607689124 0.1727777468922718251677220989927372386067 0.02342893391086890205647734670709190897302 0.08698283124935231754601994181180657921206 0.0004862708837954099676712327109908831467973 0.0 0.0 0.08698283124935231754601994181180657921574 0.0004862708837954099676712327109908831482667 -0.03945676802987500888418459107433039686091 0.02250272731153414048218579914671927217188 0.0 1.469367938527859384960920671527807097273e-39 0.0 0.0 0.0 0.0 -0.06046758450186322722267752378454474115247 0.0222943309823946832969930217667772939742
9 64 0 1 0 1 22 27.826033711291764 0.1310655242966349959495426255729821316076 0.02310898474813762246931391047744044556657 -1.469367938527859384960920671527807097273e-39 0.0 0.0 1.469367938527859384960920671527807097273e-39 0.0 0.0 -0.0389694468493044766189467595110014711221 0.02126319711756847369238238123646557961506 0.0 0.0 0.0 0.0 0.0 0.0 -0.0389694468493044766189467595110014711221 0.02126319711756847369238238123646557961506
9 64 3 64 0 1 23 30.114691070176477 0.1057726458365815244783788324738150803747 0.02270073092306063179505807640627972666254 0.04347598974244349625563557661472229570304 0.0006114271008585012796387793746189386536043 0.0 0.0 0.04347598974244349625563557661472229569349 0.0006114271008585012796387793746189386558083 -0.02327192325550716473194835000349434547285 0.02107030023486564295370053550519079739824 0.0 2.20405190779178907744138100729171064591e-39 0.0 0.0 0.0 0.0 -0.0347827301712210489238581723309446939325 0.02086649665319415705450414513611968971038
7 64 7 64 0 1 23 32.20963711482308 0.03789453421258272428524041639506636426779 0.02162046247356020669600590950773193988363 0.07472518569386403757859776197060204549839 0.001103442887282855322561262165007370303615 -2.938735877055718769921841343055614194547e-39 7.346839692639296924804603357639035486367e-40 0.07472518569386403757859776197060204549839 0.001103442887282855322561262165007370303615 0.03789453421258272428524041639506636426779 0.02162046247356020669600590950773193988363 -2.20405190779178907744138100729171064591e-39 2.20405190779178907744138100729171064591e-39 0.0 0.0 0.0 0.0 -0.03218540009079014639272469628918099751502 0.02051704855130377453253366728166946855508
11 64 0 1 0 1 23 36.443030114170575 0.08139326801442756717842075411711037775918 0.0222100798492712585551052251549804197621 0.0 0.0 0.0 0.0 0.0 0.0 -0.02446861820460939082576646349339156723904 0.01952885728173462994331020483214084464955 0.0 0.0 0.0 0.0 0.0 0.0 -0.02446861820460939082576646349339156723904 0.01952885728173462994331020483214084464955
11 64 3 64 0 1 24 38.22351292225381 0.06896170560852443837275080472982322498328 0.02181310059689413061539542916804918402444 0.02405228494962685562919856890604104242626 0.0007266549661046540213368622587518646561714 2.20405190779178907744138100729171064591e-39 7.346839692639296924804603357639035486367e-40 0.02405228494962685562919856890604104242296 0.000726654966104654021336862258751864652498 -0.01700566014023889357220912447811033307053 0.0193469404563057403741456677385472898949 1.102025953895894538720690503645855322955e-39 0.0 0.0 0.0 0.0 0.0 -0.02289104586454182197574991599997704448373 0.01914876724791571720855329278930428001792
9 64 9 64 0 1 25 43.903899971421495 0.01903513875385334771655409004376392777725 0.01957070905417197746567148845793800853703 0.03892163205109864863193180787216540050982 0.001743852692740134787360219594952774524539 -7.346839692639296924804603357639035486367e-40 -3.673419846319648462402301678819517743183e-39 0.03892163205109864863193180787216540050982 0.001743852692740134787360219594952774524539 0.01903513875385334771655409004376392777725 0.01957070905417197746567148845793800853703 0.0 -2.20405190779178907744138100729171064591e-39 0.0 0.0 0.0 0.0 -0.01908318469016083384532116008765586044708 0.01782690290713566368057164212758575254514
13 64 0 1 0 1 24 44.75301575880292 0.05339524884505222925962174106696667221286 0.02116418281323638135147728651524245573219 -1.469367938527859384960920671527807097273e-39 0.0 -1.469367938527859384960920671527807097273e-39 0.0 0.0 0.0 -0.0182329643114282186318487152489744459543 0.01754381893825480542609132754096969555141 0.0 0.0 0.0 0.0 0.0 0.0 -0.0182329643114282186318487152489744459543 0.01754381893825480542609132754096969555141
13 64 3 64 0 1 25 46.17730603916896 0.04681997397947183570887647846480292550024 0.02078041409049914704604465799636268849589 0.01454407898614741043276632265002578728631 0.0008301863179749729477995444645399842002593 1.469367938527859384960920671527807097273e-39 0.0 0.0145440789861474104327663226500257872786 0.0008301863179749729477995444645399842046674 -0.01447990010676041334676825179116369868179 0.01737460798856688482989129085510930590603 0.0 0.0 0.0 0.0 0.0 0.0 -0.01765298301076055358977660020696691288756 0.0171830319088737812228423025280550270103
-7 64 0 1 0 1 21 19.074250331414692 0.2246208920488497470789851837505719526497 0.02384638446846735009051814158456299063798 0.0 0.0 -5.142787784847507847363222350347324840457e-39 -2.20405190779178907744138100729171064591e-39 0.0 0.0 -0.07125737545834028463085472063589359325411 0.02270467084848270587692561832292856593293 0.0 0.0 0.0 0.0 0.0 0.0 -0.07125737545834028463085472063589359325411 0.02270467084848270587692561832292856593293
-7 64 3 64 0 1 22 22.126459607689124 0.1727777468922718251677220989927372386053 0.02342893391086890205647734670709190897302 -0.0869828312493523175460199418118065792128 -0.0004862708837954099676712327109908831467973 -3.673419846319648462402301678819517743183e-40 0.0 -0.08698283124935231754601994181180657921647 -0.0004862708837954099676712327109908831482667 -0.03945676802987500888418459107433039686091 0.02250272731153414048218579914671927217188 -2.938735877055718769921841343055614194547e-39 0.0 0.0 0.0 0.0 0.0 -0.06046758450186322722267752378454474115247 0.0222943309823946832969930217667772939742
7 64 -3 64 0 1 22 22.126459607689124 0.1727777468922718251677220989927372386067 0.02342893391086890205647734670709190897302 -0.08698283124935231754601994181180657921353 -0.0004862708837954099676712327109908831467973 0.0 0.0 -0.0869828312493523175460199418118065792161 -0.0004862708837954099676712327109908831482667 -0.03945676802987500888418459107433039686091 0.02250272731153414048218579914671927217188 0.0 -1.469367938527859384960920671527807097273e-39 0.0 0.0 0.0 0.0 -0.06046758450186322722267752378454474115174 0.0222943309823946832969930217667772939742
-7 64 -3 64 0 1 22 22.126459607689124 0.1727777468922718251677220989927372386053 0.02342893391086890205647734670709190897302 0.0869828312493523175460199418118065792139 0.0004862708837954099676712327109908831467973 0.0 0.0 0.08698283124935231754601994181180657921647 0.0004862708837954099676712327109908831482667 -0.03945676802987500888418459107433039685944 0.02250272731153414048218579914671927217188 2.938735877055718769921841343055614194547e-39 0.0 0.0 0.0 0.0 0.0 -0.06046758450186322722267752378454474115174 0.0222943309823946832969930217667772939742
-9 64 0 1 0 1 22 27.826033711291764 0.1310655242966349959495426255729821316076 0.02310898474813762246931391047744044556657 9.183549615799121156005754197048794357958e-40 0.0 5.510129769479472693603452518229276614775e-40 -1.469367938527859384960920671527807097273e-39 0.0 0.0 -0.03896944684930447661894675951100147112283 0.02126319711756847369238238123646557961506 0.0 0.0 0.0 0.0 0.0 0.0 -0.03896944684930447661894675951100147112283 0.02126319711756847369238238123646557961506
-9 64 3 64 0 1 23 30.114691070176477 0.1057726458365815244783788324738150803791 0.02270073092306063179505807640627972666401 -0.04347598974244349625563557661472229570249 -0.0006114271008585012796387793746189386536043 -1.836709923159824231201150839409758871592e-40 0.0 -0.04347598974244349625563557661472229569349 -0.0006114271008585012796387793746189386558083 -0.02327192325550716473194835000349434546771 0.02107030023486564295370053550519079739824 1.469367938527859384960920671527807097273e-39 0.0 0.0 0.0 0.0 0.0 -0.03478273017122104892385817233094469393176 0.02086649665319415705450414513611968971185
9 64 -3 64 0 1 23 30.114691070176477 0.1057726458365815244783788324738150803776 0.02270073092306063179505807640627972666254 -0.04347598974244349625563557661472229570451 -0.0006114271008585012796387793746189386536043 0.0 0.0 -0.04347598974244349625563557661472229569349 -0.0006114271008585012796387793746189386558083 -0.02327192325550716473194835000349434547138 0.02107030023486564295370053550519079739824 0.0 -2.20405190779178907744138100729171064591e-39 0.0 0.0 0.0 0.0 -0.03478273017122104892385817233094469393396 0.02086649665319415705450414513611968971038
-9 64 -3 64 0 1 23 30.114691070176477 0.1057726458365815244783788324738150803783 0.02270073092306063179505807640627972666254 0.04347598974244349625563557661472229570378 0.0006114271008585012796387793746189386536043 -1.836709923159824231201150839409758871592e-40 0.0 0.04347598974244349625563557661472229569386 0.0006114271008585012796387793746189386558083 -0.02327192325550716473194835000349434547065 0.02107030023486564295370053550519079739677 -1.469367938527859384960920671527807097273e-39 0.0 0.0 0.0 0.0 0.0 -0.03478273017122104892385817233094469393323 0.02086649665319415705450414513611968971185
-7 64 7 64 0 1 23 32.20963711482308 0.03789453421258272428524041639506636426485 0.02162046247356020669600590950773193988363 -0.07472518569386403757859776197060204549839 -0.001103442887282855322561262165007370303615 2.755064884739736346801726259114638307387e-39 -7.346839692639296924804603357639035486367e-40 -0.07472518569386403757859776197060204549839 -0.001103442887282855322561262165007370303615 0.03789453421258272428524041639506636426742 0.02162046247356020669600590950773193988363 -7.346839692639296924804603357639035486367e-40 -1.469367938527859384960920671527807097273e-39 0.0 0.0 0.0 0.0 -0.03218540009079014639272469628918099751576 0.02051704855130377453253366728166946855508
7 64 -7 64 0 1 23 32.20963711482308 0.03789453421258272428524041639506636426742 0.02162046247356020669600590950773193988363 -0.07472518569386403757859776197060204549839 -0.001103442887282855322561262165007370303615 7.346839692639296924804603357639035486367e-40 0.0 -0.07472518569386403757859776197060204549839 -0.001103442887282855322561262165007370303615 0.03789453421258272428524041639506636426485 0.02162046247356020669600590950773193988363 1.836709923159824231201150839409758871592e-39 -2.20405190779178907744138100729171064591e-39 0.0 0.0 0.0 0.0 -0.03218540009079014639272469628918099751613 0.02051704855130377453253366728166946855508
-7 64 -7 64 0 1 23 32.20963711482308 0.03789453421258272428524041639506636426448 0.02162046247356020669600590950773193988363 0.07472518569386403757859776197060204549839 0.001103442887282855322561262165007370303615 -3.673419846319648462402301678819517743183e-40 0.0 0.07472518569386403757859776197060204549839 0.001103442887282855322561262165007370303615 0.03789453421258272428524041639506636426448 0.02162046247356020669600590950773193988363 3.673419846319648462402301678819517743183e-40 1.469367938527859384960920671527807097273e-39 0.0 0.0 0.0 0.0 -0.03218540009079014639272469628918099751906 0.02051704855130377453253366728166946855508
-11 64 0 1 0 1 23 36.443030114170575 0.08139326801442756717842075411711037776249 0.0222100798492712585551052251549804197621 1.377532442369868173400863129557319153694e-40 0.0 1.377532442369868173400863129557319153694e-40 0.0 0.0 0.0 -0.02446861820460939082576646349339156723867 0.01952885728173462994331020483214084464955 0.0 0.0 0.0 0.0 0.0 0.0 -0.02446861820460939082576646349339156723867 0.01952885728173462994331020483214084464955
-11 64 3 64 0 1 24 38.22351292225381 0.06896170560852443837275080472982322498402 0.02181310059689413061539542916804918402223 -0.02405228494962685562919856890604104242599 -0.0007266549661046540213368622587518646561714 -2.29588740394978028900143854926219858949e-39 -7.346839692639296924804603357639035486367e-40 -0.02405228494962685562919856890604104242259 -0.000726654966104654021336862258751864652498 -0.01700566014023889357220912447811033306869 0.01934694045630574037414566773854728989343 1.102025953895894538720690503645855322955e-39 0.0 0.0 0.0 0.0 0.0 -0.02289104586454182197574991599997704448446 0.01914876724791571720855329278930428001718
11 64 -3 64 0 1 24 38.22351292225381 0.06896170560852443837275080472982322498328 0.02181310059689413061539542916804918402297 -0.02405228494962685562919856890604104242626 -0.0007266549661046540213368622587518646561714 7.346839692639296924804603357639035486367e-40 0.0 -0.02405228494962685562919856890604104242277 -0.000726654966104654021336862258751864652498 -0.01700566014023889357220912447811033307126 0.01934694045630574037414566773854728989343 -9.183549615799121156005754197048794357958e-40 0.0 0.0 0.0 0.0 0.0 -0.02289104586454182197574991599997704448483 0.01914876724791571720855329278930428001792
-11 64 -3 64 0 1 24 38.22351292225381 0.06896170560852443837275080472982322498732 0.02181310059689413061539542916804918402223 0.02405228494962685562919856890604104242645 0.0007266549661046540213368622587518646561714 -6.428484731059384809204027937934156050571e-40 0.0 0.02405228494962685562919856890604104242296 0.000726654966104654021336862258751864652498 -0.01700566014023889357220912447811033306649 0.01934694045630574037414566773854728989343 -9.183549615799121156005754197048794357958e-40 0.0 0.0 0.0 0.0 0.0 -0.02289104586454182197574991599997704448593 0.01914876724791571720855329278930428001718
-9 64 9 64 0 1 25 43.903899971421495 0.01903513875385334771655409004376392777689 0.01957070905417197746567148845793800853703 -0.03892163205109864863193180787216540050963 -0.001743852692740134787360219594952774524539 5.280541029084494664703308663303056755826e-40 3.673419846319648462402301678819517743183e-39 -0.03892163205109864863193180787216540050982 -0.001743852692740134787360219594952774524539 0.01903513875385334771655409004376392777799 0.01957070905417197746567148845793800853703 0.0 2.20405190779178907744138100729171064591e-39 0.0 0.0 0.0 0.0 -0.01908318469016083384532116008765586044818 0.01782690290713566368057164212758575254514
9 64 -9 64 0 1 25 43.903899971421495 0.01903513875385334771655409004376392777836 0.01957070905417197746567148845793800853703 -0.03892163205109864863193180787216540050982 -0.001743852692740134787360219594952774524539 7.346839692639296924804603357639035486367e-40 2.938735877055718769921841343055614194547e-39 -0.03892163205109864863193180787216540050963 -0.001743852692740134787360219594952774524539 0.01903513875385334771655409004376392777725 0.01957070905417197746567148845793800853703 6.02670443536817325862877619181327129741e-41 2.20405190779178907744138100729171064591e-39 0.0 0.0 0.0 0.0 -0.01908318469016083384532116008765586044855 0.01782690290713566368057164212758575254514
-9 64 -9 64 0 1 25 43.903899971421495 0.01903513875385334771655409004376392777542 0.01957070905417197746567148845793800853703 0.03892163205109864863193180787216540050982 0.001743852692740134787360219594952774524539 -9.126152430700376648780718233317239393221e-40 -2.938735877055718769921841343055614194547e-39 0.03892163205109864863193180787216540050982 0.001743852692740134787360219594952774524539 0.01903513875385334771655409004376392777542 0.01957070905417197746567148845793800853703 -1.621470479039532329107265975416427753827e-40 -2.20405190779178907744138100729171064591e-39 0.0 0.0 0.0 0.0 -0.01908318469016083384532116008765586044965 0.01782690290713566368057164212758575254514
-13 64 0 1 0 1 24 44.75301575880292 0.05339524884505222925962174106696667221194 0.02116418281323638135147728651524245573219 1.193861450053885750280748045616343266535e-39 0.0 1.193861450053885750280748045616343266535e-39 0.0 0.0 0.0 -0.01823296431142821863184871524897444595448 0.01754381893825480542609132754096969555141 0.0 0.0 0.0 0.0 0.0 0.0 -0.01823296431142821863184871524897444595448 0.01754381893825480542609132754096969555141
-13 64 3 64 0 1 25 46.17730603916896 0.04681997397947183570887647846480292550079 0.02078041409049914704604465799636268849442 -0.01454407898614741043276632265002578728594 -0.0008301863179749729477995444645399842002593 -1.561203434685850596520978213498295040853e-39 0.0 -0.0145440789861474104327663226500257872786 -0.0008301863179749729477995444645399842046674 -0.01447990010676041334676825179116369868014 0.01737460798856688482989129085510930590603 -7.346839692639296924804603357639035486367e-40 0.0 0.0 0.0 0.0 0.0 -0.01765298301076055358977660020696691288848 0.01718303190887378122284230252805502700883
13 64 -3 64 0 1 25 46.17730603916896 0.04681997397947183570887647846480292549804 0.02078041409049914704604465799636268849589 -0.01454407898614741043276632265002578728558 -0.0008301863179749729477995444645399842002593 0.0 0.0 -0.01454407898614741043276632265002578727869 -0.0008301863179749729477995444645399842046674 -0.01447990010676041334676825179116369868105 0.01737460798856688482989129085510930590603 9.183549615799121156005754197048794357958e-41 0.0 0.0 0.0 0.0 0.0 -0.01765298301076055358977660020696691288462 0.0171830319088737812228423025280550270103
-13 64 -3 64 0 1 25 46.17730603916896 0.04681997397947183570887647846480292549528 0.02078041409049914704604465799636268849442 0.01454407898614741043276632265002578728576 0.0008301863179749729477995444645399842002593 9.183549615799121156005754197048794357958e-41 0.0 0.01454407898614741043276632265002578727878 0.0008301863179749729477995444645399842046674 -0.01447990010676041334676825179116369868289 0.01737460798856688482989129085510930590603 8.265194654219209040405178777343914922162e-40 0.0 0.0 0.0 0.0 0.0 -0.01765298301076055358977660020696691288554 0.01718303190887378122284230252805502700883
1 24 7 96 5 48 23 26.715598658353453 -0.03520054171527768989899438464823085602804 0.02176704071913929283676519483306977381852 0.03200180453491015448109825264992531244097 0.000285103800394878131714018857729743901239 0.04905181573801624049679305201284786127741 0.0004072912139574803747026633308415507997793 0.03200180453491015448109825264992531244097 0.000285103800394878131714018857729743901239 0.004030903303473927524842569195244922373957 0.02210304722197886361752764189259672634514 0.09707790123140592959734519318862170539409 0.0007127597042996718497570497839620060269595 0.04905181573801624049679305201284786128623 0.0004072912139574803747026633308415508049221 0.09707790123140592959734519318862170539924 0.0007127597042996718497570497839620060313676 0.09104383110747269875162303251259592134378 0.02262233029618448889139656033653030131215
7 96 5 48 13 96 24 40.59186626308075 -0.008529594736837484991755687241857476033104 0.01915108098777601618783436109463382881723 0.0199418749648974743514944087061200440372 0.0006796232395544898669979084297311093302339 0.02633190545252046714042117361466910237545 0.0008835104230940595565572833226270456868692 0.01994187496489747435149440870612004403757 0.0006796232395544898669979084297311093309686 0.006302641623733213266661783129587260278232 0.01964622217357323717993047423008248217002 0.03830109734420635665474271218872264494434 0.001262157970791875795654271078151612110496 0.02633190545252046714042117361466910237655 0.0008835104230940595565572833226270456839304 0.03830109734420635665474271218872264494765 0.001262157970791875795654271078151612105353 0.02758855955351658446801351955895828665306 0.02031611963184189391454057752808614043036
