11 64 0 1 0 1 25 66.32012772064742 0.1120080431909459625228221415871140043675 0.02143917923267856879998472133267594798612 -7.346839692639296924804603357639035486367e-40 0.0 7.346839692639296924804603357639035486367e-40 0.0 0.0 0.0 -0.01300038166846472550185544879621873338394 0.01892311211700067872807505722331204773871 0.0 0.0 0.0 0.0 0.0 0.0 -0.06131486014406706162430669799876363591917 0.01846453782588362543443508088573207959468
13 64 0 1 0 1 26 79.50949120846417 0.06499235902620013797436427745120167295921 0.02044223325582464720130548988417230356202 0.0 0.0 0.0 0.0 0.0 0.0 -0.01288686054906152442232291836443127862 0.01704446901264085113884186453799542751479 0.0 0.0 0.0 0.0 0.0 0.0 -0.03143914203062461080966808926503003626519 0.01660092256304016461467594160487229904231
15 64 0 1 0 1 27 92.20585652682364 0.04194717434736113550461081359001549383547 0.01932082301753606443768637854902463568666 -3.673419846319648462402301678819517743183e-40 0.0 0.0 0.0 0.0 0.0 -0.01268147154406959149945708784654962677553 0.01497295358821582455081954835063788192067 0.0 0.0 0.0 0.0 0.0 0.0 -0.02128293299617668189537967439293848754849 0.01454645462392227151530367509300048170591
17 64 0 1 0 1 28 104.25337905426193 0.02822775799014358733415828757751234111837 0.0180925436030510800723314406984000955842 3.673419846319648462402301678819517743183e-40 0.0 0.0 -3.673419846319648462402301678819517743183e-40 0.0 0.0 -0.01270757639495661728875119830536484186398 0.0127576609661564652090118995175740684462 0.0 0.0 0.0 0.0 0.0 0.0 -0.01724626446705849796137671167219395917272 0.01235002089062056610230677408198131589793
21 64 0 1 0 1 30 126.2920164855765 0.01286043513230524729475160544835289257245 0.01539236576059295025800544167326397804724 -4.591774807899560578002877098524397178979e-40 0.0 -9.183549615799121156005754197048794357958e-41 0.0 0.0 0.0 -0.01299078140488301168199198430443156255013 0.008104449581624193445091389338425677925465 0.0 0.0 0.0 0.0 0.0 0.0 -0.01463838228665896140768937527116664609311 0.007739036806127269147863838581622631110532
-11 64 0 1 0 1 25 66.32012772064742 0.1120080431909459625228221415871140043837 0.02143917923267856879998472133267594798612 6.428484731059384809204027937934156050571e-40 0.0 -6.428484731059384809204027937934156050571e-40 0.0 0.0 0.0 -0.01300038166846472550185544879621873336484 0.01892311211700067872807505722331204773871 0.0 0.0 0.0 0.0 0.0 0.0 -0.06131486014406706162430669799876363592009 0.01846453782588362543443508088573207959468
-13 64 0 1 0 1 26 79.50949120846417 0.06499235902620013797436427745120167295334 0.02044223325582464720130548988417230355909 2.755064884739736346801726259114638307387e-40 0.0 1.836709923159824231201150839409758871592e-40 0.0 0.0 0.0 -0.01288686054906152442232291836443127862588 0.01704446901264085113884186453799542750891 0.0 0.0 0.0 0.0 0.0 0.0 -0.03143914203062461080966808926503003626446 0.01660092256304016461467594160487229904305
-15 64 0 1 0 1 27 92.20585652682364 0.04194717434736113550461081359001549383216 0.01932082301753606443768637854902463568666 1.836709923159824231201150839409758871592e-40 0.0 1.836709923159824231201150839409758871592e-40 0.0 0.0 0.0 -0.01268147154406959149945708784654962677957 0.01497295358821582455081954835063788192067 0.0 0.0 0.0 0.0 0.0 0.0 -0.02128293299617668189537967439293848754877 0.01454645462392227151530367509300048170591
-17 64 0 1 0 1 28 104.25337905426193 0.02822775799014358733415828757751234111626 0.0180925436030510800723314406984000955842 -3.673419846319648462402301678819517743183e-40 0.0 0.0 1.836709923159824231201150839409758871592e-40 0.0 0.0 -0.01270757639495661728875119830536484186627 0.0127576609661564652090118995175740684462 0.0 0.0 0.0 0.0 0.0 0.0 -0.0172462644670584979613767116721939591729 0.01235002089062056610230677408198131589793
-21 64 0 1 0 1 30 126.2920164855765 0.01286043513230524729475160544835289256731 0.01539236576059295025800544167326397804871 3.673419846319648462402301678819517743183e-40 -9.183549615799121156005754197048794357958e-41 0.0 -9.183549615799121156005754197048794357958e-41 0.0 0.0 -0.01299078140488301168199198430443156255601 0.008104449581624193445091389338425677929873 0.0 0.0 0.0 0.0 0.0 0.0 -0.01463838228665896140768937527116664609247 0.007739036806127269147863838581622631109614
