0 1 0 1 1 256 16 0.6144308764672183 -0.005375129272717654019936890470777953844855 0.0003950151160260167869402777027920754936475 0.0 0.0 0.0 0.0 0.0 0.0 -0.005375129272717654019936890470777953844855 0.0003950151160260167869402777027920754936475 0.0 0.0 5.877471754111437539843682686111228389093e-39 7.346839692639296924804603357639035486367e-40 5.877471754111437539843682686111228389093e-39 0.0 0.01563665245628622290655672092254934783136 0.000392871785750728096590805262952852787829
0 1 0 1 3 512 16 1.9930276080424667 -0.005395621661566112365028278392885386570839 0.0003949552300047584882022085125606396582182 0.0 0.0 0.0 0.0 0.0 0.0 -0.005395621661566112365028278392885386570839 0.0003949552300047584882022085125606396582182 0.0 0.0 -2.938735877055718769921841343055614194547e-39 -7.346839692639296924804603357639035486367e-40 -2.938735877055718769921841343055614194547e-39 0.0 0.01553696309223225133622213685685681729832 0.0003928420169880001249230634766476488595421
0 1 0 1 5 512 16 8.526764363050798 -0.005374906272222155359247965853258918315614 0.0003947636272898274384863774828997407310588 0.0 0.0 0.0 0.0 0.0 0.0 -0.005374906272222155359247965853258918315614 0.0003947636272898274384863774828997407310588 0.0 0.0 -5.877471754111437539843682686111228389093e-39 0.0 -5.877471754111437539843682686111228389093e-39 1.469367938527859384960920671527807097273e-39 0.01522605519077064771019400601919522084131 0.0003927467677438448733414057214619899082574
0 1 0 1 9 512 17 42.565636121389076 -0.005121276092244843861564871889508934754597 0.0003940934083127122420405404317056608711314 0.0 0.0 0.0 0.0 0.0 0.0 -0.005121276092244843861564871889508934754597 0.0003940934083127122420405404317056608711314 0.0 0.0 0.0 0.0 -2.938735877055718769921841343055614194547e-39 0.0 0.01422636067694953394937794087722012275436 0.0003924135249203120357487223172857963232687
7 64 0 1 0 1 22 2777.2407019095463 0.005681499301712127729395524006476747551369 0.0003767740550966450976564596692623148539261 0.0 0.0 0.0 0.0 0.0 0.0 -0.001336027994246553211445825249064939881047 0.0003588642499636612866487464147341829038348 0.0 0.0 0.0 0.0 0.0 0.0 -0.002912461737774169526029198586859093995938 0.0003567687345499215164675565808431248115045
9 64 0 1 0 1 23 3869.599607528149 0.002620004109287026297968568608021349112533 0.0003651605655423228433846800118386081588829 0.0 0.0 0.0 0.0 0.0 0.0 -0.0006807407663642341750891281017501752208574 0.0003362055347188575406236605413185846041216 0.0 0.0 0.0 0.0 0.0 0.0 -0.001037852382448375255987904712241055393428 0.0003341559714105218428986052573582148491659
0 1 0 1 -1 256 16 0.6144308764672183 -0.005375129272717654019936890470777953844855 0.0003950151160260167869402777027920754936475 0.0 0.0 0.0 0.0 0.0 0.0 -0.005375129272717654019936890470777953844855 0.0003950151160260167869402777027920754936475 0.0 0.0 -2.938735877055718769921841343055614194547e-39 -7.346839692639296924804603357639035486367e-40 -2.938735877055718769921841343055614194547e-39 0.0 0.01563665245628622290655672092254934783127 0.000392871785750728096590805262952852787829
0 1 0 1 -3 512 16 1.9930276080424667 -0.005395621661566112365028278392885386570839 0.0003949552300047584882022085125606396582182 0.0 0.0 0.0 0.0 0.0 0.0 -0.005395621661566112365028278392885386570839 0.0003949552300047584882022085125606396582182 0.0 0.0 2.938735877055718769921841343055614194547e-39 7.346839692639296924804603357639035486367e-40 2.938735877055718769921841343055614194547e-39 0.0 0.01553696309223225133622213685685681729846 0.0003928420169880001249230634766476488595421
0 1 0 1 -5 512 16 8.526764363050798 -0.005374906272222155359247965853258918315614 0.0003947636272898274384863774828997407310588 0.0 0.0 0.0 0.0 0.0 0.0 -0.005374906272222155359247965853258918315614 0.0003947636272898274384863774828997407310588 0.0 0.0 5.877471754111437539843682686111228389093e-39 0.0 5.877471754111437539843682686111228389093e-39 -1.469367938527859384960920671527807097273e-39 0.01522605519077064771019400601919522084108 0.0003927467677438448733414057214619899082574
0 1 0 1 -9 512 17 42.565636121389076 -0.005121276092244843861564871889508934754597 0.0003940934083127122420405404317056608711314 0.0 0.0 0.0 0.0 0.0 0.0 -0.005121276092244843861564871889508934754597 0.0003940934083127122420405404317056608711314 0.0 0.0 0.0 0.0 2.938735877055718769921841343055614194547e-39 0.0 0.01422636067694953394937794087722012275436 0.0003924135249203120357487223172857963232687
-7 64 0 1 0 1 22 2777.2407019095463 0.005681499301712127729395524006476747598389 0.0003767740550966450976564596692623148539261 5.739718509874450722503596373155496473724e-42 0.0 0.0 0.0 0.0 0.0 -0.001336027994246553211445825249064939834027 0.0003588642499636612866487464147341829038348 0.0 0.0 0.0 0.0 0.0 0.0 -0.002912461737774169526029198586859093995869 0.0003567687345499215164675565808431248115045
-9 64 0 1 0 1 23 3869.599607528149 0.002620004109287026297968568608021349112533 0.0003651605655423228433846800118386081588829 -2.869859254937225361251798186577748236862e-42 0.0 -9.183549615799121156005754197048794357958e-41 0.0 0.0 0.0 -0.0006807407663642341750891281017501752208574 0.0003362055347188575406236605413185846041216 0.0 0.0 0.0 0.0 0.0 0.0 -0.001037852382448375255987904712241055393394 0.0003341559714105218428986052573582148491659
