11 64 0 1 0 1 26 16.76830935066023 0.4213038461456597519877003638413719532811 0.1642904626787334444829794684895059622208 0.0 -2.938735877055718769921841343055614194547e-39 0.0 0.0 0.0 0.0 -0.1025352004725385104305901190258046086024 0.144461430737307615063701205969883649627 0.0 0.0 0.0 0.0 0.0 0.0 -0.1025352004725385104305901190258046086024 0.144461430737307615063701205969883649627
13 64 0 1 0 1 27 21.268979184272492 0.3156665282602476891205980714364019444729 0.1565524330474875768567282852398006390941 0.0 0.0 -8.81620763116715630976552402916684258364e-39 0.0 0.0 0.0 -0.101402523422723503825692092984392402116 0.129777919149676330650971030221165672115 0.0 0.0 0.0 0.0 0.0 0.0 -0.101402523422723503825692092984392402116 0.129777919149676330650971030221165672115
11 64 7 64 0 1 27 22.32596162410246 0.2693764211381785676515671810814589508114 0.1486368226305688309607317124512309017806 0.2148875761604930684230477398971613367523 0.01219556522228799365640029438336252450344 0.0 0.0 0.2148875761604930684230477398971613367361 0.01219556522228799365640029438336252449462 -0.04510269843740476506880668512390704977942 0.1372379883100631476024978046155628343389 -1.469367938527859384960920671527807097273e-39 0.0 0.0 0.0 0.0 0.0 -0.1017370178401018134045677119006455984507 0.1294806955826901957344004477773242050029
13 64 7 64 0 1 28 25.664998832715572 0.1986593384452493939784942500652865638495 0.1414223225358990793513437774013500668883 0.149070240054400580265668002669977072644 0.01393007756573856376800710411339798518969 0.0 2.938735877055718769921841343055614194547e-39 0.1490702400544005802656680026699770726227 0.01393007756573856376800710411339798518969 -0.05249172721256473200696018344544919864238 0.1230607196323867567900631410866365257227 1.469367938527859384960920671527807097273e-39 0.0 0.0 0.0 0.0 0.0 -0.1018810027285655286483769075904068608564 0.1155634043584151249209951882796336339557
15 64 0 1 0 1 27 25.507943289251788 0.2317212927240367695887283531670822051923 0.1478505957522804423621640413428983801875 -5.877471754111437539843682686111228389093e-39 -8.81620763116715630976552402916684258364e-39 8.81620763116715630976552402916684258364e-39 -8.81620763116715630976552402916684258364e-39 0.0 0.0 -0.101082981058129155828067055598690050114 0.1135940351264260012761358212471353614807 0.0 0.0 0.0 0.0 0.0 0.0 -0.101082981058129155828067055598690050114 0.1135940351264260012761358212471353614807
11 64 11 64 0 1 29 27.57975295337918 0.05959197384368144240415877034493740019292 0.1270777746132470092304681831583609859145 0.189847885537234411776380168230176033812 0.01820765504854225127435963753255636473758 2.938735877055718769921841343055614194547e-39 0.0 0.189847885537234411776380168230176033812 0.01820765504854225127435963753255636473758 0.05959197384368144240415877034493740019292 0.1270777746132470092304681831583609859145 2.938735877055718769921841343055614194547e-39 5.877471754111437539843682686111228389093e-39 0.0 0.0 0.0 0.0 -0.1023511835623480512709000287476777079964 0.108878365945837970850645909264426234457
15 64 7 64 0 1 29 29.026422467020595 0.1466173512473503287757134848224050685013 0.1333141557591300036228577026567666539589 0.1087451956248952603080087896212672547846 0.01544139190452070274739287284490253584906 0.0 0.0 0.1087451956248952603080087896212672547699 0.01544139190452070274739287284490253585494 -0.06457309015385915104875097127631317249752 0.1074422993708407963967169297057023663336 -3.673419846319648462402301678819517743183e-40 0.0 0.0 0.0 0.0 0.0 -0.1023264240452934518890924869472040233202 0.1002397816146227595345154282103490538917
17 64 0 1 0 1 28 29.46008068160219 0.167122940059471093868484180137361158156 0.1383224129322142512487319787137824092953 4.40810381558357815488276201458342129182e-39 0.0 -1.469367938527859384960920671527807097273e-39 -2.938735877055718769921841343055614194547e-39 0.0 0.0 -0.1020375495232427938472709284660023156743 0.09629622334675469501386483450049336466797 0.0 0.0 0.0 0.0 0.0 0.0 -0.1020375495232427938472709284660023156743 0.09629622334675469501386483450049336466797
13 64 13 64 0 1 30 32.66014794228902 0.01642920234312556542378907660048675380703 0.1076013742827582545746337860971755810232 0.1290543213099694537510909800647084589933 0.0237289310553046365941108810155365168655 -2.20405190779178907744138100729171064591e-39 5.877471754111437539843682686111228389093e-39 0.1290543213099694537510909800647084589977 0.0237289310553046365941108810155365168655 0.01642920234312556542378907660048675380703 0.1076013742827582545746337860971755810232 -2.938735877055718769921841343055614194547e-39 2.938735877055718769921841343055614194547e-39 0.0 0.0 0.0 0.0 -0.1036374236521504002321885862534274724835 0.08388347748012309161096477486297135084983
17 64 7 64 0 1 29 32.315939714043026 0.1059886805861665931121104991390844521975 0.1244424411922817921316957264895970423102 0.08192940251703823829952912774059775638546 0.01670852462109017530905979004135519919095 0.0 2.938735877055718769921841343055614194547e-39 0.08192940251703823829952912774059775638289 0.01670852462109017530905979004135519918801 -0.07541467578669574286877088329252030133289 0.09075865806010518076999681825560916770242 -2.755064884739736346801726259114638307387e-40 -2.938735877055718769921841343055614194547e-39 0.0 0.0 0.0 0.0 -0.1033043587208446812160037715019770809039 0.08388210686957601744543144260561719742853
21 64 0 1 0 1 30 36.54754169925166 0.07973022164520612377005958046909056674622 0.1173882731554694273031758141644930558735 1.469367938527859384960920671527807097273e-39 -2.938735877055718769921841343055614194547e-39 2.20405190779178907744138100729171064591e-39 8.81620763116715630976552402916684258364e-39 0.0 0.0 -0.1042142538919193684798360485376469203758 0.06000087435214786662496079338414709046219 0.0 0.0 0.0 0.0 0.0 0.0 -0.1042142538919193684798360485376469203758 0.06000087435214786662496079338414709046219
21 64 7 64 0 1 31 38.50910120592578 0.04781503772500645933645298100560254054633 0.1049770419771649213128744755276425769729 0.04924136801688161018982589152018784045368 0.01845196692830446395025575738627464618607 -1.120393053127492781032702012039952911671e-38 2.938735877055718769921841343055614194547e-39 0.04924136801688161018982589152018784041034 0.01845196692830446395025575738627464618754 -0.08917640979412372987158967827656749325593 0.05579214619998934802805083243011932660416 0.0 4.40810381558357815488276201458342129182e-39 0.0 0.0 0.0 0.0 -0.1041841147726929060076363869580853894996 0.04964483308394429247830823808489020991804
17 64 17 64 0 1 32 41.59175534318737 -0.03192689048863021141004145710877909523492 0.06650468052932240768648067450941804928404 0.07253494011464707952894162933773846140163 0.03394892525975569338292029286917684541716 -2.938735877055718769921841343055614194547e-39 0.0 0.07253494011464707952894162933773846139869 0.03394892525975569338292029286917684541716 -0.03192689048863021141004145710877909523492 0.06650468052932240768648067450941804928404 -4.40810381558357815488276201458342129182e-39 0.0 0.0 0.0 0.0 0.0 -0.1028684170291998142882890727853086978487 0.0325726843458964193572626473899005944675
-11 64 0 1 0 1 26 16.76830935066023 0.4213038461456597519877003638413719532899 0.1642904626787334444829794684895059622208 -1.469367938527859384960920671527807097273e-39 4.40810381558357815488276201458342129182e-39 -1.469367938527859384960920671527807097273e-39 0.0 0.0 0.0 -0.102535200472538510430590119025804608601 0.144461430737307615063701205969883649627 0.0 0.0 0.0 0.0 0.0 0.0 -0.102535200472538510430590119025804608601 0.144461430737307615063701205969883649627
-13 64 0 1 0 1 27 21.268979184272492 0.3156665282602476891205980714364019444846 0.1565524330474875768567282852398006391059 1.469367938527859384960920671527807097273e-39 0.0 8.81620763116715630976552402916684258364e-39 0.0 0.0 0.0 -0.1014025234227235038256920929843924021072 0.1297779191496763306509710302211656721179 0.0 0.0 0.0 0.0 0.0 0.0 -0.1014025234227235038256920929843924021072 0.1297779191496763306509710302211656721179
-11 64 7 64 0 1 27 22.32596162410246 0.2693764211381785676515671810814589508129 0.1486368226305688309607317124512309017865 -0.2148875761604930684230477398971613367523 -0.01219556522228799365640029438336252450344 -7.346839692639296924804603357639035486367e-40 0.0 -0.2148875761604930684230477398971613367376 -0.01219556522228799365640029438336252449462 -0.04510269843740476506880668512390704977464 0.1372379883100631476024978046155628343507 0.0 0.0 0.0 0.0 0.0 0.0 -0.1017370178401018134045677119006455984536 0.129480695582690195734400447777324204997
11 64 -7 64 0 1 27 22.32596162410246 0.2693764211381785676515671810814589508041 0.1486368226305688309607317124512309017806 -0.2148875761604930684230477398971613367464 -0.01219556522228799365640029438336252450344 2.938735877055718769921841343055614194547e-39 0.0 -0.2148875761604930684230477398971613367361 -0.01219556522228799365640029438336252449609 -0.04510269843740476506880668512390704978677 0.1372379883100631476024978046155628343389 1.469367938527859384960920671527807097273e-39 0.0 0.0 0.0 0.0 0.0 -0.1017370178401018134045677119006455984521 0.1294806955826901957344004477773242050029
-11 64 -7 64 0 1 27 22.32596162410246 0.2693764211381785676515671810814589508011 0.1486368226305688309607317124512309017865 0.214887576160493068423047739897161336745 0.01219556522228799365640029438336252450344 -1.469367938527859384960920671527807097273e-39 0.0 0.2148875761604930684230477398971613367384 0.01219556522228799365640029438336252449756 -0.0451026984374047650688066851239070497875 0.1372379883100631476024978046155628343507 -7.346839692639296924804603357639035486367e-40 0.0 0.0 0.0 0.0 0.0 -0.1017370178401018134045677119006455984569 0.1294806955826901957344004477773242049984
-13 64 7 64 0 1 28 25.664998832715572 0.1986593384452493939784942500652865638628 0.1414223225358990793513437774013500668824 -0.149070240054400580265668002669977072644 -0.01393007756573856376800710411339798519116 0.0 -4.40810381558357815488276201458342129182e-39 -0.1490702400544005802656680026699770726227 -0.01393007756573856376800710411339798518969 -0.05249172721256473200696018344544919863779 0.1230607196323867567900631410866365257169 -1.469367938527859384960920671527807097273e-39 0.0 0.0 0.0 0.0 0.0 -0.1018810027285655286483769075904068608491 0.1155634043584151249209951882796336339557
13 64 -7 64 0 1 28 25.664998832715572 0.1986593384452493939784942500652865638539 0.1414223225358990793513437774013500668766 -0.1490702400544005802656680026699770726499 -0.01393007756573856376800710411339798518675 -2.938735877055718769921841343055614194547e-39 0.0 -0.1490702400544005802656680026699770726219 -0.01393007756573856376800710411339798518822 -0.05249172721256473200696018344544919867453 0.1230607196323867567900631410866365257081 -7.346839692639296924804603357639035486367e-40 0.0 0.0 0.0 0.0 0.0 -0.1018810027285655286483769075904068608909 0.1155634043584151249209951882796336339543
-13 64 -7 64 0 1 28 25.664998832715572 0.1986593384452493939784942500652865638679 0.1414223225358990793513437774013500668854 0.1490702400544005802656680026699770726499 0.01393007756573856376800710411339798518675 1.469367938527859384960920671527807097273e-39 0.0 0.1490702400544005802656680026699770726227 0.01393007756573856376800710411339798518822 -0.05249172721256473200696018344544919866626 0.123060719632386756790063141086636525711 7.346839692639296924804603357639035486367e-40 0.0 0.0 0.0 0.0 0.0 -0.1018810027285655286483769075904068608836 0.1155634043584151249209951882796336339543
-15 64 0 1 0 1 27 25.507943289251788 0.2317212927240367695887283531670822051769 0.1478505957522804423621640413428983801875 5.877471754111437539843682686111228389093e-39 8.81620763116715630976552402916684258364e-39 -8.81620763116715630976552402916684258364e-39 8.81620763116715630976552402916684258364e-39 0.0 0.0 -0.1010829810581291558280670555986900501224 0.1135940351264260012761358212471353614807 0.0 0.0 0.0 0.0 0.0 0.0 -0.1010829810581291558280670555986900501224 0.1135940351264260012761358212471353614807
-11 64 11 64 0 1 29 27.57975295337918 0.05959197384368144240415877034493740019053 0.1270777746132470092304681831583609859145 -0.1898478855372344117763801682301760338105 -0.01820765504854225127435963753255636473905 -2.938735877055718769921841343055614194547e-39 0.0 -0.1898478855372344117763801682301760338135 -0.01820765504854225127435963753255636473758 0.05959197384368144240415877034493740019715 0.1270777746132470092304681831583609859145 -1.469367938527859384960920671527807097273e-39 -5.877471754111437539843682686111228389093e-39 0.0 0.0 0.0 0.0 -0.1023511835623480512709000287476777080067 0.1088783659458379708506459092644262344599
11 64 -11 64 0 1 29 27.57975295337918 0.05959197384368144240415877034493740019586 0.1270777746132470092304681831583609859027 -0.1898478855372344117763801682301760338105 -0.01820765504854225127435963753255636473758 1.469367938527859384960920671527807097273e-39 0.0 -0.1898478855372344117763801682301760338135 -0.01820765504854225127435963753255636473905 0.05959197384368144240415877034493740018925 0.1270777746132470092304681831583609859027 -2.938735877055718769921841343055614194547e-39 -7.346839692639296924804603357639035486367e-39 0.0 0.0 0.0 0.0 -0.1023511835623480512709000287476777080059 0.1088783659458379708506459092644262344585
-11 64 -11 64 0 1 29 27.57975295337918 0.05959197384368144240415877034493740018686 0.1270777746132470092304681831583609859145 0.1898478855372344117763801682301760338105 0.01820765504854225127435963753255636473905 -1.469367938527859384960920671527807097273e-39 0.0 0.1898478855372344117763801682301760338135 0.01820765504854225127435963753255636473905 0.05959197384368144240415877034493740018686 0.1270777746132470092304681831583609859145 1.469367938527859384960920671527807097273e-39 4.40810381558357815488276201458342129182e-39 0.0 0.0 0.0 0.0 -0.1023511835623480512709000287476777080148 0.1088783659458379708506459092644262344585
-15 64 7 64 0 1 29 29.026422467020595 0.1466173512473503287757134848224050685087 0.1333141557591300036228577026567666539589 -0.1087451956248952603080087896212672547846 -0.01544139190452070274739287284490253585053 0.0 -1.469367938527859384960920671527807097273e-39 -0.1087451956248952603080087896212672547706 -0.01544139190452070274739287284490253585494 -0.0645730901538591510487509712763131724887 0.1074422993708407963967169297057023663336 5.510129769479472693603452518229276614775e-39 0.0 0.0 0.0 0.0 0.0 -0.1023264240452934518890924869472040233217 0.1002397816146227595345154282103490538917
15 64 -7 64 0 1 29 29.026422467020595 0.1466173512473503287757134848224050685204 0.1333141557591300036228577026567666539559 -0.1087451956248952603080087896212672547934 -0.01544139190452070274739287284490253586375 1.469367938527859384960920671527807097273e-39 0.0 -0.1087451956248952603080087896212672547699 -0.01544139190452070274739287284490253585494 -0.06457309015385915104875097127631317247475 0.1074422993708407963967169297057023663306 0.0 0.0 0.0 0.0 0.0 0.0 -0.1023264240452934518890924869472040233161 0.1002397816146227595345154282103490538917
-15 64 -7 64 0 1 29 29.026422467020595 0.1466173512473503287757134848224050685197 0.1333141557591300036228577026567666539559 0.1087451956248952603080087896212672547934 0.01544139190452070274739287284490253586228 -1.469367938527859384960920671527807097273e-39 0.0 0.1087451956248952603080087896212672547706 0.01544139190452070274739287284490253585494 -0.06457309015385915104875097127631317247291 0.1074422993708407963967169297057023663306 -5.877471754111437539843682686111228389093e-39 0.0 0.0 0.0 0.0 0.0 -0.1023264240452934518890924869472040233154 0.1002397816146227595345154282103490538917
-17 64 0 1 0 1 28 29.46008068160219 0.1671229400594710938684841801373611581641 0.1383224129322142512487319787137824092777 -4.40810381558357815488276201458342129182e-39 -7.346839692639296924804603357639035486367e-40 1.469367938527859384960920671527807097273e-39 2.20405190779178907744138100729171064591e-39 0.0 0.0 -0.1020375495232427938472709284660023156695 0.09629622334675469501386483450049336466209 0.0 0.0 0.0 0.0 0.0 0.0 -0.1020375495232427938472709284660023156695 0.09629622334675469501386483450049336466209
-13 64 13 64 0 1 30 32.66014794228902 0.01642920234312556542378907660048675378279 0.1076013742827582545746337860971755810114 -0.1290543213099694537510909800647084589933 -0.02372893105530463659411088101553651686476 1.469367938527859384960920671527807097273e-39 -4.40810381558357815488276201458342129182e-39 -0.1290543213099694537510909800647084589977 -0.0237289310553046365941108810155365168655 0.01642920234312556542378907660048675381585 0.1076013742827582545746337860971755810129 0.0 -2.938735877055718769921841343055614194547e-39 0.0 0.0 0.0 0.0 -0.1036374236521504002321885862534274725162 0.08388347748012309161096477486297135084983
13 64 -13 64 0 1 30 32.66014794228902 0.01642920234312556542378907660048675381144 0.1076013742827582545746337860971755810247 -0.1290543213099694537510909800647084589933 -0.0237289310553046365941108810155365168655 -7.346839692639296924804603357639035486367e-40 5.877471754111437539843682686111228389093e-39 -0.1290543213099694537510909800647084589977 -0.02372893105530463659411088101553651686476 0.01642920234312556542378907660048675377838 0.1076013742827582545746337860971755810232 2.938735877055718769921841343055614194547e-39 -1.469367938527859384960920671527807097273e-39 0.0 0.0 0.0 0.0 -0.1036374236521504002321885862534274725169 0.0838834774801230916109647748629713508513
-13 64 -13 64 0 1 30 32.66014794228902 0.01642920234312556542378907660048675377912 0.1076013742827582545746337860971755810291 0.1290543213099694537510909800647084589933 0.0237289310553046365941108810155365168655 1.469367938527859384960920671527807097273e-39 -5.142787784847507847363222350347324840457e-39 0.1290543213099694537510909800647084589977 0.0237289310553046365941108810155365168655 0.01642920234312556542378907660048675377912 0.1076013742827582545746337860971755810291 0.0 1.469367938527859384960920671527807097273e-39 0.0 0.0 0.0 0.0 -0.1036374236521504002321885862534274725492 0.08388347748012309161096477486297135084983
-17 64 7 64 0 1 29 32.315939714043026 0.1059886805861665931121104991390844522041 0.1244424411922817921316957264895970423308 -0.08192940251703823829952912774059775638473 -0.01670852462109017530905979004135519919095 0.0 -2.20405190779178907744138100729171064591e-39 -0.08192940251703823829952912774059775638326 -0.01670852462109017530905979004135519918801 -0.07541467578669574286877088329252030133656 0.09075865806010518076999681825560916771417 2.755064884739736346801726259114638307387e-40 2.938735877055718769921841343055614194547e-39 0.0 0.0 0.0 0.0 -0.1033043587208446812160037715019770808969 0.08388210686957601744543144260561719743588
17 64 -7 64 0 1 29 32.315939714043026 0.1059886805861665931121104991390844522158 0.1244424411922817921316957264895970423219 -0.08192940251703823829952912774059775638767 -0.01670852462109017530905979004135519919389 0.0 -2.938735877055718769921841343055614194547e-39 -0.08192940251703823829952912774059775638326 -0.01670852462109017530905979004135519918801 -0.07541467578669574286877088329252030129248 0.09075865806010518076999681825560916771417 0.0 4.40810381558357815488276201458342129182e-39 0.0 0.0 0.0 0.0 -0.1033043587208446812160037715019770808819 0.08388210686957601744543144260561719742853
-17 64 -7 64 0 1 29 32.315939714043026 0.1059886805861665931121104991390844522122 0.1244424411922817921316957264895970423278 0.08192940251703823829952912774059775638767 0.01670852462109017530905979004135519919242 0.0 1.469367938527859384960920671527807097273e-39 0.08192940251703823829952912774059775638326 0.01670852462109017530905979004135519918801 -0.07541467578669574286877088329252030130203 0.09075865806010518076999681825560916771417 0.0 -2.938735877055718769921841343055614194547e-39 0.0 0.0 0.0 0.0 -0.1033043587208446812160037715019770808708 0.08388210686957601744543144260561719743588
-21 64 0 1 0 1 30 36.54754169925166 0.07973022164520612377005958046909056673153 0.11738827315546942730317581416449305585 -1.469367938527859384960920671527807097273e-39 4.040761830951613308642531846701469517502e-39 -2.938735877055718769921841343055614194547e-39 -7.714181677271261771044833525520987260685e-39 0.0 0.0 -0.1042142538919193684798360485376469203831 0.06000087435214786662496079338414709045191 0.0 0.0 0.0 0.0 0.0 0.0 -0.1042142538919193684798360485376469203831 0.06000087435214786662496079338414709045191
-21 64 7 64 0 1 31 38.50910120592578 0.04781503772500645933645298100560254054339 0.1049770419771649213128744755276425769817 -0.04924136801688161018982589152018784045442 -0.01845196692830446395025575738627464618607 1.175494350822287507968736537222245677819e-38 -2.020380915475806654321265923350734758751e-39 -0.04924136801688161018982589152018784041034 -0.01845196692830446395025575738627464618901 -0.08917640979412372987158967827656749325739 0.05579214619998934802805083243011932661004 0.0 1.469367938527859384960920671527807097273e-39 0.0 0.0 0.0 0.0 -0.104184114772692906007636386958085389504 0.04964483308394429247830823808489020992098
21 64 -7 64 0 1 31 38.50910120592578 0.04781503772500645933645298100560254054045 0.1049770419771649213128744755276425769817 -0.04924136801688161018982589152018784045295 -0.01845196692830446395025575738627464619489 4.31626831942558694332270447261293334824e-39 0.0 -0.04924136801688161018982589152018784041034 -0.01845196692830446395025575738627464618827 -0.0891764097941237298715896782765674932618 0.05579214619998934802805083243011932660122 0.0 -3.673419846319648462402301678819517743183e-39 0.0 0.0 0.0 0.0 -0.1041841147726929060076363869580853894988 0.04964483308394429247830823808489020990629
-21 64 -7 64 0 1 31 38.50910120592578 0.04781503772500645933645298100560254053163 0.104977041977164921312874475527642576992 0.04924136801688161018982589152018784045295 0.0184519669283044639502557573862746461947 -4.40810381558357815488276201458342129182e-39 1.836709923159824231201150839409758871592e-40 0.04924136801688161018982589152018784041034 0.01845196692830446395025575738627464618754 -0.08917640979412372987158967827656749326621 0.0557921461999893480280508324301193266071 0.0 -2.20405190779178907744138100729171064591e-39 0.0 0.0 0.0 0.0 -0.1041841147726929060076363869580853895003 0.04964483308394429247830823808489020990996
-17 64 17 64 0 1 32 41.59175534318737 -0.03192689048863021141004145710877909523639 0.0665046805293224076864806745094180492958 -0.0725349401146470795289416293377384614009 -0.03394892525975569338292029286917684541661 2.938735877055718769921841343055614194547e-39 3.673419846319648462402301678819517743183e-40 -0.07253494011464707952894162933773846139869 -0.03394892525975569338292029286917684541716 -0.03192689048863021141004145710877909524521 0.06650468052932240768648067450941804928845 -4.40810381558357815488276201458342129182e-39 7.346839692639296924804603357639035486367e-39 0.0 0.0 0.0 0.0 -0.1028684170291998142882890727853086978392 0.03257268434589641935726264738990059447338
17 64 -17 64 0 1 32 41.59175534318737 -0.03192689048863021141004145710877909525108 0.06650468052932240768648067450941804928992 -0.07253494011464707952894162933773846140163 -0.03394892525975569338292029286917684541716 0.0 7.346839692639296924804603357639035486367e-39 -0.07253494011464707952894162933773846139796 -0.03394892525975569338292029286917684541661 -0.03192689048863021141004145710877909524227 0.0665046805293224076864806745094180492958 4.40810381558357815488276201458342129182e-39 -3.673419846319648462402301678819517743183e-40 0.0 0.0 0.0 0.0 -0.1028684170291998142882890727853086978399 0.03257268434589641935726264738990059447411
-17 64 -17 64 0 1 32 41.59175534318737 -0.03192689048863021141004145710877909523345 0.06650468052932240768648067450941804928845 0.0725349401146470795289416293377384614009 0.03394892525975569338292029286917684541772 0.0 -7.897852669587244194164948609461963147844e-39 0.07253494011464707952894162933773846139796 0.03394892525975569338292029286917684541772 -0.03192689048863021141004145710877909523345 0.06650468052932240768648067450941804928845 4.40810381558357815488276201458342129182e-39 -6.795826715691349655444258105816107824889e-39 0.0 0.0 0.0 0.0 -0.1028684170291998142882890727853086978303 0.03257268434589641935726264738990059447999
