19 64 0 1 0 1 34 14.668148268075958 0.2925097112575166364649089307760908874104 0.7357852890056776320900868003507462722572 -5.877471754111437539843682686111228389093e-38 0.0 -4.701977403289150031874946148888982711275e-38 2.350988701644575015937473074444491355637e-38 0.0 0.0 -0.4932224512063997691230878148158087827445 0.4504992270359285629962383193401407211831 0.0 0.0 0.0 0.0 0.0 0.0 -0.4932224512063997691230878148158087827445 0.4504992270359285629962383193401407211831
21 64 0 1 0 1 34 16.62857229388119 0.1969771250222213063933176817453464530369 0.6738906245741139969011576007383046781087 5.877471754111437539843682686111228389093e-39 -1.175494350822287507968736537222245677819e-38 2.938735877055718769921841343055614194547e-38 -8.228460455756012555781155760555719744731e-38 0.0 0.0 -0.5350394211829761348578356918018306091557 0.3452767868486244509709010260986136233268 0.0 0.0 0.0 0.0 0.0 0.0 -0.5350394211829761348578356918018306091557 0.3452767868486244509709010260986136233268
23 64 0 1 0 1 35 18.456888368507673 0.1095398986324040148663916888835401732281 0.6099125381763686167961919914558786258282 0.0 1.175494350822287507968736537222245677819e-38 -8.81620763116715630976552402916684258364e-39 -4.701977403289150031874946148888982711275e-38 0.0 0.0 -0.5565318015432881188585130834227093611625 0.2407691974616125855202587215982652024012 0.0 0.0 0.0 0.0 0.0 0.0 -0.5565318015432881188585130834227093611625 0.2407691974616125855202587215982652024012
19 64 15 64 0 1 37 20.950726808089446 -0.02626502209202161525052244787141490928026 0.4207486996680179482607009505683881657052 0.4112801368121704312212640410343098271767 0.1920074166118232625573990919999964113867 -6.171345341817009416835866820416789808548e-38 0.0 0.4112801368121704312212640410343098271327 0.1920074166118232625573990919999964112515 -0.4126742605541003219196320253600149510772 0.3298407760060724706506230832608845981142 -7.346839692639296924804603357639035486367e-40 5.877471754111437539843682686111228389093e-39 0.0 0.0 0.0 0.0 -0.5230278807971776385485732738468931184095 0.1797633098828949572331842942939136433108
25 64 0 1 0 1 36 20.151255150796345 0.03234619316311242204577117478639921849722 0.544787458738619418822827109649032772031 1.043251236354780163322253676784743039064e-37 -3.526483052466862523906209611666737033456e-38 -4.848914197141935970371038216041763421002e-38 8.228460455756012555781155760555719744731e-38 0.0 0.0 -0.5596209293978762911838869561801650387733 0.1392980990983582416781923866848633003345 0.0 0.0 0.0 0.0 0.0 0.0 -0.5596209293978762911838869561801650387733 0.1392980990983582416781923866848633003345
21 64 15 64 0 1 37 21.933501320472043 -0.07949924282989858226259269362201841801039 0.3774972470324988246652461269453214039991 0.324779752264928322093343959974815960392 0.1995965020229162004269633340220558326384 6.097876944890616447587820786840399453684e-38 -5.877471754111437539843682686111228389093e-39 0.3247797522649283220933439599748159603773 0.1995965020229162004269633340220558326795 -0.4254166565568245855433248887396547862526 0.2416938763517057816983336248602898394039 -2.938735877055718769921841343055614194547e-38 0.0 0.0 0.0 0.0 0.0 -0.5290750586281562857368901958784279320374 0.100613120085817318758989947751129429873
19 64 19 64 0 1 38 22.908813332857573 -0.2642347845469290063534512604191988253423 0.2670804063278792364727199804225777503957 0.3588650479747964536878278752462364746369 0.2190103984491434686528669686398704294628 1.616304732380645323457012738680587807001e-38 0.0 0.3588650479747964536878278752462364746369 0.2190103984491434686528669686398704294628 -0.2642347845469290063534512604191988253423 0.2670804063278792364727199804225777503957 4.701977403289150031874946148888982711275e-38 0.0 0.0 0.0 0.0 0.0 -0.5200445454136188097175532978858298936715 0.05025117393773581819775013412236075614757
23 64 15 64 0 1 38 22.957799396992268 -0.1175204845579183129145150783807658846324 0.3330658816228250630250743315320436906752 0.2598461278687556152310490773286068753208 0.2041143038527037823518981435040354576265 -2.938735877055718769921841343055614194547e-38 -5.877471754111437539843682686111228389093e-39 0.259846127868755615231049077328606875359 0.2041143038527037823518981435040354579322 -0.4337054424759902020067609147410898601826 0.1545930380045645663675619132494806997366 0.0 0.0 0.0 0.0 0.0 0.0 -0.5210716863692017535134289057504184467921 0.02294155075233658602191760663088534585634
29 64 0 1 0 1 37 23.16330042875233 -0.08748868311404568125758390565729178315066 0.4147739916504816752953054227886870113712 -3.085672670908504708417933410208394904274e-38 1.175494350822287507968736537222245677819e-38 -3.232609464761290646914025477361175614001e-38 1.175494350822287507968736537222245677819e-38 0.0 0.0 -0.5183600642958588049621000668175287852554 -0.04597418833125910142702220354382502983108 0.0 0.0 0.0 0.0 0.0 0.0 -0.5183600642958588049621000668175287852554 -0.04597418833125910142702220354382502983108
25 64 15 64 0 1 38 23.98621621268927 -0.1466402551638212689191959904636151040441 0.2881619214908659636451982399077294540454 0.2063731350835261344475468903421706998407 0.2055721092108202256935328465121002501421 -8.81620763116715630976552402916684258364e-39 -6.465218929522581293828050954722351228003e-38 0.2063731350835261344475468903421706999105 0.2055721092108202256935328465121002502185 -0.4312501324745810882102657501412518885378 0.07055483245699352652408207913991804881535 1.763241526233431261953104805833368516728e-38 2.938735877055718769921841343055614194547e-39 0.0 0.0 0.0 0.0 -0.500482514521402016871212263290685367054 -0.05134610511562041460551829457509602439586
21 64 21 64 0 1 39 24.628236827257314 -0.2861679005596573300352255586634297642878 0.1596937671194673833564157834279882673202 0.2558350190940003246358227900748431095577 0.2356159485482731880309398392935577525573 0.0 0.0 0.2558350190940003246358227900748431095606 0.2356159485482731880309398392935577525573 -0.2861679005596573300352255586634297642878 0.1596937671194673833564157834279882673202 0.0 -5.877471754111437539843682686111228389093e-38 0.0 0.0 0.0 0.0 -0.4861193893646387042796183518699414874798 -0.07344782464249303761332406287653886664827
29 64 15 64 0 1 39 25.987135241676445 -0.1837845598462511035618185531141722249099 0.1996900936998791272647937242573270732219 0.1197611926642676213025022579746998977502 0.1996559289111195132492943815659226380002 0.0 -5.877471754111437539843682686111228389093e-39 0.1197611926642676213025022579746998975268 0.1996559289111195132492943815659226378695 -0.3914447935009912600448458085673374511908 -0.08095015387014139389040501591557110584222 0.0 -1.322431144675073446464828604375026387546e-38 0.0 0.0 0.0 0.0 -0.4272554679954353859823070074540048655079 -0.1828345808424303992658077102235910305806
33 64 0 1 0 1 38 25.73912858844824 -0.161653253705664694388307057521297839506 0.2908265744401977591128060968733039250449 2.938735877055718769921841343055614194547e-39 1.23426906836340188336717336408335796171e-37 1.586917373610088135757794325250031665055e-37 -5.877471754111437539843682686111228389093e-39 0.0 0.0 -0.4270905592593570033739868474882651981139 -0.1956293858209325032114425466098740148734 0.0 0.0 0.0 0.0 0.0 0.0 -0.4270905592593570033739868474882651981139 -0.1956293858209325032114425466098740148734
25 64 25 64 0 1 41 27.695363547597545 -0.2598878347889840187093582917683385032471 -0.01813648833615319508708304962828398112675 0.1064465334813506215698168517890042362256 0.2448156928836876650795544704299070066145 -5.877471754111437539843682686111228389093e-39 0.0 0.1064465334813506215698168517890042362256 0.2448156928836876650795544704299070066145 -0.2598878347889840187093582917683385032471 -0.01813648833615319508708304962828398112675 -8.81620763116715630976552402916684258364e-39 0.0 0.0 0.0 0.0 0.0 -0.3446239148823772894960804391416136032652 -0.260005240887404761830194995605895245795
33 64 15 64 0 1 41 27.862788173563818 -0.1964803026545341211065233223807934666255 0.117246964697812752589219920731519369632 0.05189036587969873917340343790556361544691 0.1831020628840510339211106910362330002276 0.0 0.0 0.05189036587969873917340343790556361568788 0.1831020628840510339211106910362330003297 -0.3114202720149411174963264574959401857439 -0.20009103053457743643934549830239140073 8.81620763116715630976552402916684258364e-39 -5.767269158721848085971613635746642856798e-38 0.0 0.0 0.0 0.0 -0.3214109443119452180366021896486550474918 -0.2820008104768477028293911845803077165501
33 64 33 64 0 1 44 32.504847175316286 -0.06167394068173199334354303808088159926448 -0.1759761292680009895342443546481114087907 -0.09182125785614892130853185569924009872965 0.1637496214896221113397453817400416090618 2.938735877055718769921841343055614194547e-39 0.0 -0.09182125785614892130853185569924009872965 0.1637496214896221113397453817400416090618 -0.06167394068173199334354303808088159926448 -0.1759761292680009895342443546481114087907 2.938735877055718769921841343055614194547e-39 -1.469367938527859384960920671527807097273e-39 0.0 0.0 0.0 0.0 0.03553282665212834030086668197388682785583 -0.3364986105462374441986887293989897662538
49 64 0 1 0 1 44 33.09607043377122 -0.1411663335906413151001116814642031876449 -0.04563774943945409630122153488532750582126 1.175494350822287507968736537222245677819e-38 1.204881709592844695667954950652801819764e-37 -2.468538136726803766734346728166715923419e-37 4.055455510336891902492141053416747588474e-37 0.0 0.0 0.09730726962303856797307755624956102892887 -0.3121646472533908880860367621571366862333 0.0 0.0 0.0 0.0 0.0 0.0 0.09730726962303856797307755624956102892887 -0.3121646472533908880860367621571366862333
-19 64 0 1 0 1 34 14.668148268075958 0.2925097112575166364649089307760908874809 0.7357852890056776320900868003507462722572 5.583598166405865662851498551805666969639e-38 -2.938735877055718769921841343055614194547e-39 4.40810381558357815488276201458342129182e-38 -2.350988701644575015937473074444491355637e-38 0.0 0.0 -0.4932224512063997691230878148158087826974 0.4504992270359285629962383193401407211831 0.0 0.0 0.0 0.0 0.0 0.0 -0.4932224512063997691230878148158087826974 0.4504992270359285629962383193401407211831
-21 64 0 1 0 1 34 16.62857229388119 0.1969771250222213063933176817453464530134 0.6738906245741139969011576007383046779794 -5.877471754111437539843682686111228389093e-39 5.877471754111437539843682686111228389093e-39 -2.938735877055718769921841343055614194547e-38 7.640713280344868801796787491944596905821e-38 0.0 0.0 -0.5350394211829761348578356918018306091616 0.3452767868486244509709010260986136232534 0.0 0.0 0.0 0.0 0.0 0.0 -0.5350394211829761348578356918018306091616 0.3452767868486244509709010260986136232534
-23 64 0 1 0 1 35 18.456888368507673 0.10953989863240401486639168888354017304 0.6099125381763686167961919914558786259164 0.0 -1.469367938527859384960920671527807097273e-38 8.81620763116715630976552402916684258364e-39 4.701977403289150031874946148888982711275e-38 0.0 0.0 -0.5565318015432881188585130834227093612507 0.2407691974616125855202587215982652024512 0.0 0.0 0.0 0.0 0.0 0.0 -0.5565318015432881188585130834227093612507 0.2407691974616125855202587215982652024512
-19 64 15 64 0 1 37 20.950726808089446 -0.02626502209202161525052244787141490931552 0.4207486996680179482607009505683881657111 -0.4112801368121704312212640410343098271767 -0.1920074166118232625573990919999964113896 6.171345341817009416835866820416789808548e-38 0.0 -0.4112801368121704312212640410343098271327 -0.1920074166118232625573990919999964112515 -0.4126742605541003219196320253600149510066 0.3298407760060724706506230832608845981083 7.346839692639296924804603357639035486367e-40 -3.526483052466862523906209611666737033456e-38 0.0 0.0 0.0 0.0 -0.5230278807971776385485732738468931185183 0.1797633098828949572331842942939136433166
19 64 -15 64 0 1 37 20.950726808089446 -0.02626502209202161525052244787141490922148 0.4207486996680179482607009505683881656934 -0.411280136812170431221264041034309827165 -0.1920074166118232625573990919999964113867 -1.469367938527859384960920671527807097273e-39 1.175494350822287507968736537222245677819e-38 -0.4112801368121704312212640410343098271297 -0.1920074166118232625573990919999964112485 -0.4126742605541003219196320253600149511183 0.3298407760060724706506230832608845981112 0.0 -5.877471754111437539843682686111228389093e-39 0.0 0.0 0.0 0.0 -0.5230278807971776385485732738468931185153 0.179763309882894957233184294293913643321
-19 64 -15 64 0 1 37 20.950726808089446 -0.02626502209202161525052244787141490932728 0.4207486996680179482607009505683881657302 0.411280136812170431221264041034309827165 0.1920074166118232625573990919999964113867 2.938735877055718769921841343055614194547e-39 -1.469367938527859384960920671527807097273e-38 0.4112801368121704312212640410343098271327 0.19200741661182326255739909199999641125 -0.4126742605541003219196320253600149511183 0.3298407760060724706506230832608845981421 0.0 3.232609464761290646914025477361175614001e-38 0.0 0.0 0.0 0.0 -0.5230278807971776385485732738468931186182 0.1797633098828949572331842942939136433269
-25 64 0 1 0 1 36 20.151255150796345 0.03234619316311242204577117478639921826212 0.5447874587386194188228271096490327719135 -1.043251236354780163322253676784743039064e-37 3.232609464761290646914025477361175614001e-38 4.848914197141935970371038216041763421002e-38 -8.522334043461584432773339894861281164185e-38 0.0 0.0 -0.5596209293978762911838869561801650388909 0.1392980990983582416781923866848633002801 0.0 0.0 0.0 0.0 0.0 0.0 -0.5596209293978762911838869561801650388909 0.1392980990983582416781923866848633002801
-21 64 15 64 0 1 37 21.933501320472043 -0.07949924282989858226259269362201841816026 0.3774972470324988246652461269453214039198 -0.324779752264928322093343959974815960392 -0.1995965020229162004269633340220558326384 -6.171345341817009416835866820416789808548e-38 5.877471754111437539843682686111228389093e-39 -0.3247797522649283220933439599748159603773 -0.1995965020229162004269633340220558326795 -0.4254166565568245855433248887396547863202 0.2416938763517057816983336248602898393341 0.0 0.0 0.0 0.0 0.0 0.0 -0.5290750586281562857368901958784279321227 0.1006131200858173187589899477511294298848
21 64 -15 64 0 1 37 21.933501320472043 -0.07949924282989858226259269362201841792222 0.3774972470324988246652461269453214037699 -0.324779752264928322093343959974815960439 -0.199596502022916200426963334022055832656 3.673419846319648462402301678819517743183e-38 0.0 -0.3247797522649283220933439599748159603773 -0.1995965020229162004269633340220558326795 -0.4254166565568245855433248887396547859117 0.2416938763517057816983336248602898391857 2.938735877055718769921841343055614194547e-38 0.0 0.0 0.0 0.0 0.0 -0.5290750586281562857368901958784279317788 0.1006131200858173187589899477511294298877
-21 64 -15 64 0 1 37 21.933501320472043 -0.07949924282989858226259269362201841806328 0.3774972470324988246652461269453214037758 0.324779752264928322093343959974815960439 0.199596502022916200426963334022055832656 -3.820356640172434400898393745972298452911e-38 -2.938735877055718769921841343055614194547e-39 0.3247797522649283220933439599748159603773 0.1995965020229162004269633340220558326766 -0.4254166565568245855433248887396547859646 0.241693876351705781698333624860289839193 0.0 0.0 0.0 0.0 0.0 0.0 -0.5290750586281562857368901958784279318611 0.1006131200858173187589899477511294298965
-19 64 19 64 0 1 38 22.908813332857573 -0.2642347845469290063534512604191988254246 0.2670804063278792364727199804225777504119 -0.3588650479747964536878278752462364746354 -0.2190103984491434686528669686398704294599 -1.763241526233431261953104805833368516728e-38 2.938735877055718769921841343055614194547e-39 -0.3588650479747964536878278752462364746354 -0.2190103984491434686528669686398704294628 -0.2642347845469290063534512604191988253247 0.2670804063278792364727199804225777504266 0.0 5.877471754111437539843682686111228389093e-39 0.0 0.0 0.0 0.0 -0.5200445454136188097175532978858298937685 0.05025117393773581819775013412236075612406
19 64 -19 64 0 1 38 22.908813332857573 -0.2642347845469290063534512604191988253688 0.2670804063278792364727199804225777503957 -0.3588650479747964536878278752462364746354 -0.2190103984491434686528669686398704294628 0.0 5.877471754111437539843682686111228389093e-39 -0.3588650479747964536878278752462364746354 -0.2190103984491434686528669686398704294599 -0.2642347845469290063534512604191988254687 0.267080406327879236472719980422577750381 -4.701977403289150031874946148888982711275e-38 -2.938735877055718769921841343055614194547e-39 0.0 0.0 0.0 0.0 -0.5200445454136188097175532978858298937714 0.05025117393773581819775013412236075612699
-19 64 -19 64 0 1 38 22.908813332857573 -0.2642347845469290063534512604191988254687 0.267080406327879236472719980422577750403 0.3588650479747964536878278752462364746354 0.2190103984491434686528669686398704294628 0.0 -2.938735877055718769921841343055614194547e-39 0.3588650479747964536878278752462364746354 0.2190103984491434686528669686398704294628 -0.2642347845469290063534512604191988254687 0.267080406327879236472719980422577750403 0.0 -2.938735877055718769921841343055614194547e-39 0.0 0.0 0.0 0.0 -0.5200445454136188097175532978858298938743 0.05025117393773581819775013412236075610348
-23 64 15 64 0 1 38 22.957799396992268 -0.1175204845579183129145150783807658848088 0.3330658816228250630250743315320436906723 -0.2598461278687556152310490773286068753208 -0.2041143038527037823518981435040354576295 2.938735877055718769921841343055614194547e-38 8.81620763116715630976552402916684258364e-39 -0.259846127868755615231049077328606875359 -0.2041143038527037823518981435040354579322 -0.4337054424759902020067609147410898603648 0.1545930380045645663675619132494806997476 -2.938735877055718769921841343055614194547e-38 9.403954806578300063749892297777965422549e-38 0.0 0.0 0.0 0.0 -0.5210716863692017535134289057504184467833 0.02294155075233658602191760663088534584458
23 64 -15 64 0 1 38 22.957799396992268 -0.1175204845579183129145150783807658846295 0.3330658816228250630250743315320436906781 -0.2598461278687556152310490773286068752944 -0.2041143038527037823518981435040354576677 0.0 -5.877471754111437539843682686111228389093e-39 -0.259846127868755615231049077328606875359 -0.2041143038527037823518981435040354579351 -0.4337054424759902020067609147410898603442 0.154593038004564566367561913249480699752 0.0 0.0 0.0 0.0 0.0 0.0 -0.5210716863692017535134289057504184469508 0.02294155075233658602191760663088534586221
-23 64 -15 64 0 1 38 22.957799396992268 -0.1175204845579183129145150783807658846295 0.3330658816228250630250743315320436906855 0.2598461278687556152310490773286068752944 0.2041143038527037823518981435040354576647 0.0 8.81620763116715630976552402916684258364e-39 0.259846127868755615231049077328606875359 0.2041143038527037823518981435040354579322 -0.4337054424759902020067609147410898603501 0.1545930380045645663675619132494806997792 2.938735877055718769921841343055614194547e-38 -9.403954806578300063749892297777965422549e-38 0.0 0.0 0.0 0.0 -0.5210716863692017535134289057504184469478 0.02294155075233658602191760663088534585928
-29 64 0 1 0 1 37 23.16330042875233 -0.08748868311404568125758390565729178285678 0.4147739916504816752953054227886870114682 3.048938472445308223793910393420199726842e-38 -5.877471754111437539843682686111228389093e-39 3.269343663224487131538048494149370791433e-38 -5.877471754111437539843682686111228389093e-39 0.0 0.0 -0.5183600642958588049621000668175287851085 -0.04597418833125910142702220354382502977653 0.0 0.0 0.0 0.0 0.0 0.0 -0.5183600642958588049621000668175287851085 -0.04597418833125910142702220354382502977653
-25 64 15 64 0 1 38 23.98621621268927 -0.1466402551638212689191959904636151039795 0.2881619214908659636451982399077294540557 -0.2063731350835261344475468903421706998407 -0.2055721092108202256935328465121002501421 8.81620763116715630976552402916684258364e-39 6.465218929522581293828050954722351228003e-38 -0.2063731350835261344475468903421706999105 -0.2055721092108202256935328465121002502156 -0.4312501324745810882102657501412518885613 0.07055483245699352652408207913991804882233 0.0 -2.938735877055718769921841343055614194547e-39 0.0 0.0 0.0 0.0 -0.50048251452140201687121226329068536696 -0.05134610511562041460551829457509602439292
25 64 -15 64 0 1 38 23.98621621268927 -0.1466402551638212689191959904636151038649 0.2881619214908659636451982399077294540293 -0.2063731350835261344475468903421706998767 -0.2055721092108202256935328465121002501597 6.024408547964223478339774753264009098821e-38 5.877471754111437539843682686111228389093e-39 -0.2063731350835261344475468903421706999105 -0.2055721092108202256935328465121002502185 -0.4312501324745810882102657501412518882703 0.07055483245699352652408207913991804872829 -1.763241526233431261953104805833368516728e-38 -2.938735877055718769921841343055614194547e-39 0.0 0.0 0.0 0.0 -0.5004825145214020168712122632906853669688 -0.05134610511562041460551829457509602446051
-25 64 -15 64 0 1 38 23.98621621268927 -0.1466402551638212689191959904636151038502 0.288161921490865963645198239907729454019 0.2063731350835261344475468903421706998774 0.2055721092108202256935328465121002501627 -6.024408547964223478339774753264009098821e-38 -2.938735877055718769921841343055614194547e-39 0.2063731350835261344475468903421706999105 0.2055721092108202256935328465121002502156 -0.4312501324745810882102657501412518883438 0.07055483245699352652408207913991804873196 0.0 2.938735877055718769921841343055614194547e-39 0.0 0.0 0.0 0.0 -0.5004825145214020168712122632906853668777 -0.05134610511562041460551829457509602444582
-21 64 21 64 0 1 39 24.628236827257314 -0.2861679005596573300352255586634297642261 0.1596937671194673833564157834279882673936 -0.2558350190940003246358227900748431095577 -0.2356159485482731880309398392935577525573 0.0 -2.938735877055718769921841343055614194547e-39 -0.2558350190940003246358227900748431095591 -0.2356159485482731880309398392935577525573 -0.2861679005596573300352255586634297642555 0.1596937671194673833564157834279882673202 1.763241526233431261953104805833368516728e-38 0.0 0.0 0.0 0.0 0.0 -0.486119389364638704279618351869941487449 -0.07344782464249303761332406287653886658949
21 64 -21 64 0 1 39 24.628236827257314 -0.2861679005596573300352255586634297642672 0.1596937671194673833564157834279882673804 -0.2558350190940003246358227900748431095591 -0.2356159485482731880309398392935577525573 0.0 5.877471754111437539843682686111228389093e-38 -0.2558350190940003246358227900748431095606 -0.2356159485482731880309398392935577525573 -0.2861679005596573300352255586634297642379 0.1596937671194673833564157834279882674539 0.0 6.171345341817009416835866820416789808548e-38 0.0 0.0 0.0 0.0 -0.4861193893646387042796183518699414874504 -0.07344782464249303761332406287653886658068
-21 64 -21 64 0 1 39 24.628236827257314 -0.2861679005596573300352255586634297641203 0.1596937671194673833564157834279882674407 0.2558350190940003246358227900748431095577 0.2356159485482731880309398392935577525544 0.0 -5.877471754111437539843682686111228389093e-38 0.2558350190940003246358227900748431095606 0.2356159485482731880309398392935577525544 -0.2861679005596573300352255586634297641203 0.1596937671194673833564157834279882674407 -1.616304732380645323457012738680587807001e-38 0.0 0.0 0.0 0.0 0.0 -0.4861193893646387042796183518699414874196 -0.07344782464249303761332406287653886652484
-29 64 15 64 0 1 39 25.987135241676445 -0.1837845598462511035618185531141722250304 0.1996900936998791272647937242573270731808 -0.1197611926642676213025022579746998977491 -0.1996559289111195132492943815659226380002 3.673419846319648462402301678819517743183e-40 2.938735877055718769921841343055614194547e-39 -0.1197611926642676213025022579746998975298 -0.1996559289111195132492943815659226378709 -0.3914447935009912600448458085673374512084 -0.08095015387014139389040501591557110584516 2.938735877055718769921841343055614194547e-39 -7.493776486492082863300695424791816196094e-38 0.0 0.0 0.0 0.0 -0.4272554679954353859823070074540048656108 -0.1828345808424303992658077102235910306276
29 64 -15 64 0 1 39 25.987135241676445 -0.1837845598462511035618185531141722247571 0.199690093699879127264793724257327073291 -0.1197611926642676213025022579746998976767 -0.1996559289111195132492943815659226379708 1.116719633281173132570299710361133393928e-37 -1.763241526233431261953104805833368516728e-38 -0.1197611926642676213025022579746998975268 -0.1996559289111195132492943815659226378709 -0.3914447935009912600448458085673374508998 -0.08095015387014139389040501591557110574818 0.0 1.469367938527859384960920671527807097273e-38 0.0 0.0 0.0 0.0 -0.4272554679954353859823070074540048653639 -0.1828345808424303992658077102235910305571
-29 64 -15 64 0 1 39 25.987135241676445 -0.183784559846251103561818553114172224907 0.1996900936998791272647937242573270732263 0.119761192664267621302502257974699897676 0.1996559289111195132492943815659226379708 -1.105699373742214187183092805324674840698e-37 1.469367938527859384960920671527807097273e-38 0.1197611926642676213025022579746998975283 0.1996559289111195132492943815659226378709 -0.3914447935009912600448458085673374509468 -0.08095015387014139389040501591557110577463 -2.938735877055718769921841343055614194547e-39 7.640713280344868801796787491944596905821e-38 0.0 0.0 0.0 0.0 -0.4272554679954353859823070074540048654638 -0.1828345808424303992658077102235910306041
-33 64 0 1 0 1 38 25.73912858844824 -0.1616532537056646943883070575212978395413 0.2908265744401977591128060968733039252168 -3.673419846319648462402301678819517743183e-39 -1.204881709592844695667954950652801819764e-37 -1.601611052995366729607403531965309736028e-37 5.877471754111437539843682686111228389093e-39 0.0 0.0 -0.4270905592593570033739868474882651981316 -0.1956293858209325032114425466098740147955 0.0 0.0 0.0 0.0 0.0 0.0 -0.4270905592593570033739868474882651981316 -0.1956293858209325032114425466098740147955
-25 64 25 64 0 1 41 27.695363547597545 -0.2598878347889840187093582917683385032941 -0.01813648833615319508708304962828398118259 -0.1064465334813506215698168517890042362256 -0.2448156928836876650795544704299070066145 5.877471754111437539843682686111228389093e-39 0.0 -0.1064465334813506215698168517890042362256 -0.2448156928836876650795544704299070066204 -0.2598878347889840187093582917683385034205 -0.01813648833615319508708304962828398112675 -4.701977403289150031874946148888982711275e-38 -1.469367938527859384960920671527807097273e-38 0.0 0.0 0.0 0.0 -0.3446239148823772894960804391416136031476 -0.2600052408874047618301949956058952458508
25 64 -25 64 0 1 41 27.695363547597545 -0.2598878347889840187093582917683385033617 -0.01813648833615319508708304962828398116496 -0.1064465334813506215698168517890042362256 -0.2448156928836876650795544704299070066204 1.469367938527859384960920671527807097273e-38 -7.346839692639296924804603357639035486367e-38 -0.1064465334813506215698168517890042362256 -0.2448156928836876650795544704299070066145 -0.2598878347889840187093582917683385032353 -0.01813648833615319508708304962828398122079 7.714181677271261771044833525520987260685e-39 0.0 0.0 0.0 0.0 0.0 -0.3446239148823772894960804391416136031388 -0.2600052408874047618301949956058952458479
-25 64 -25 64 0 1 41 27.695363547597545 -0.2598878347889840187093582917683385034175 -0.01813648833615319508708304962828398120463 0.1064465334813506215698168517890042362271 0.2448156928836876650795544704299070066204 -1.39589954160146641571287463795141674241e-38 7.346839692639296924804603357639035486367e-38 0.1064465334813506215698168517890042362271 0.2448156928836876650795544704299070066204 -0.2598878347889840187093582917683385034175 -0.01813648833615319508708304962828398120463 4.555040609436364093378854081736202001547e-38 1.469367938527859384960920671527807097273e-38 0.0 0.0 0.0 0.0 -0.3446239148823772894960804391416136030198 -0.2600052408874047618301949956058952459067
-33 64 15 64 0 1 41 27.862788173563818 -0.1964803026545341211065233223807934667636 0.1172469646978127525892199207315193696731 -0.05189036587969873917340343790556361544691 -0.1831020628840510339211106910362330002276 1.469367938527859384960920671527807097273e-39 0.0 -0.05189036587969873917340343790556361568788 -0.1831020628840510339211106910362330003305 -0.3114202720149411174963264574959401857939 -0.2000910305345774364393454983023914007389 0.0 -5.3080916779318920281713259258942031389e-38 0.0 0.0 0.0 0.0 -0.3214109443119452180366021896486550475887 -0.2820008104768477028293911845803077165089
33 64 -15 64 0 1 41 27.862788173563818 -0.196480302654534121106523322380793466408 0.1172469646978127525892199207315193696907 -0.05189036587969873917340343790556361544103 -0.1831020628840510339211106910362330002012 0.0 0.0 -0.05189036587969873917340343790556361568678 -0.1831020628840510339211106910362330003305 -0.3114202720149411174963264574959401857939 -0.2000910305345774364393454983023914005596 -8.081523661903226617285063693402939035003e-39 5.877471754111437539843682686111228389093e-38 0.0 0.0 0.0 0.0 -0.3214109443119452180366021896486550477577 -0.2820008104768477028293911845803077164369
-33 64 -15 64 0 1 41 27.862788173563818 -0.1964803026545341211065233223807934664815 0.1172469646978127525892199207315193697319 0.05189036587969873917340343790556361544103 0.1831020628840510339211106910362330002012 -2.938735877055718769921841343055614194547e-39 -2.938735877055718769921841343055614194547e-39 0.05189036587969873917340343790556361568788 0.1831020628840510339211106910362330003305 -0.3114202720149411174963264574959401857762 -0.2000910305345774364393454983023914005625 -7.346839692639296924804603357639035486367e-40 5.289724578700293785859314417500105550184e-38 0.0 0.0 0.0 0.0 -0.3214109443119452180366021896486550478532 -0.2820008104768477028293911845803077163914
-33 64 33 64 0 1 44 32.504847175316286 -0.06167394068173199334354303808088159952309 -0.1759761292680009895342443546481114086379 0.09182125785614892130853185569924009872965 -0.1637496214896221113397453817400416090618 -2.938735877055718769921841343055614194547e-39 0.0 0.09182125785614892130853185569924009873259 -0.1637496214896221113397453817400416090611 -0.06167394068173199334354303808088159992276 -0.1759761292680009895342443546481114087731 8.81620763116715630976552402916684258364e-39 0.0 0.0 0.0 0.0 0.0 0.0355328266521283403008666819738868282555 -0.3364986105462374441986887293989897661187
33 64 -33 64 0 1 44 32.504847175316286 -0.06167394068173199334354303808088160016227 -0.1759761292680009895342443546481114087026 0.09182125785614892130853185569924009873259 -0.1637496214896221113397453817400416090611 1.175494350822287507968736537222245677819e-38 0.0 0.09182125785614892130853185569924009872965 -0.1637496214896221113397453817400416090618 -0.0616739406817319933435430380808815997626 -0.1759761292680009895342443546481114085674 -2.938735877055718769921841343055614194547e-39 2.20405190779178907744138100729171064591e-39 0.0 0.0 0.0 0.0 0.0355328266521283403008666819738868282555 -0.3364986105462374441986887293989897661201
-33 64 -33 64 0 1 44 32.504847175316286 -0.06167394068173199334354303808088159943511 -0.1759761292680009895342443546481114082853 -0.09182125785614892130853185569924009873259 0.1637496214896221113397453817400416090618 -1.175494350822287507968736537222245677819e-38 0.0 -0.09182125785614892130853185569924009873259 0.1637496214896221113397453817400416090618 -0.06167394068173199334354303808088159943511 -0.1759761292680009895342443546481114082853 -8.81620763116715630976552402916684258364e-39 0.0 0.0 0.0 0.0 0.0 0.03553282665212834030086668197388682865517 -0.336498610546237444198688729398989765982
-49 64 0 1 0 1 44 33.09607043377122 -0.1411663335906413151001116814642031874774 -0.0456377494394540963012215348853275058095 -1.175494350822287507968736537222245677819e-38 -1.204881709592844695667954950652801819764e-37 2.468538136726803766734346728166715923419e-37 -4.055455510336891902492141053416747588474e-37 0.0 0.0 0.09730726962303856797307755624956102901262 -0.3121646472533908880860367621571366862274 0.0 0.0 0.0 0.0 0.0 0.0 0.09730726962303856797307755624956102901262 -0.3121646472533908880860367621571366862274
