7 64 0 1 0 1 15 27.57847984984832 1.390312605988673154241806474485458778917 0.009413160457129247177734972197188853651797 0.0 0.0 2.350988701644575015937473074444491355637e-38 2.938735877055718769921841343055614194547e-39 0.0 0.0 -0.6421816798889550412139636287438817534496 0.009352187327833908106257604064849035173641 0.0 0.0 0.0 0.0 0.0 0.0 -0.6421816798889550412139636287438817534496 0.009352187327833908106257604064849035173641
9 64 0 1 0 1 16 43.78094334623446 0.7695356847208830117894133205513786657499 0.009373401312995828192009910625450089395896 -1.175494350822287507968736537222245677819e-38 -2.938735877055718769921841343055614194547e-39 -2.350988701644575015937473074444491355637e-38 0.0 0.0 0.0 -0.3439552265115084277843232087601656852345 0.00927291293810521178695205600336451210013 0.0 0.0 0.0 0.0 0.0 0.0 -0.3439552265115084277843232087601656852345 0.00927291293810521178695205600336451210013
11 64 0 1 0 1 16 61.926134508434814 0.4560433441539121850943041944760071954375 0.009323871007883766953939680071211878295288 0.0 0.0 -1.175494350822287507968736537222245677819e-38 0.0 0.0 0.0 -0.1953938509527994111000020035353952841256 0.009174324790743333764166322882348599043513 0.0 0.0 0.0 0.0 0.0 0.0 -0.1953938509527994111000020035353952841256 0.009174324790743333764166322882348599043513
13 64 0 1 0 1 17 81.58085624019631 0.2905650118720379295669632223484007326406 0.009264681233437709092332081449954261057352 -1.175494350822287507968736537222245677819e-38 0.0 -5.877471754111437539843682686111228389093e-39 0.0 0.0 0.0 -0.1185424714480639331879966061864855867754 0.009056756549950955847634330755031225650086 0.0 0.0 0.0 0.0 0.0 0.0 -0.1185424714480639331879966061864855867754 0.009056756549950955847634330755031225650086
-7 64 0 1 0 1 15 27.57847984984832 1.390312605988673154241806474485458778917 0.009413160457129247177734972197188853651797 0.0 0.0 -3.526483052466862523906209611666737033456e-38 -2.938735877055718769921841343055614194547e-39 0.0 0.0 -0.6421816798889550412139636287438817534496 0.009352187327833908106257604064849035173641 0.0 0.0 0.0 0.0 0.0 0.0 -0.6421816798889550412139636287438817534496 0.009352187327833908106257604064849035173641
-9 64 0 1 0 1 16 43.78094334623446 0.7695356847208830117894133205513786657557 0.009373401312995828192009910625450089395896 1.175494350822287507968736537222245677819e-38 2.938735877055718769921841343055614194547e-39 2.938735877055718769921841343055614194547e-38 0.0 0.0 0.0 -0.3439552265115084277843232087601656852287 0.00927291293810521178695205600336451210013 0.0 0.0 0.0 0.0 0.0 0.0 -0.3439552265115084277843232087601656852287 0.00927291293810521178695205600336451210013
-11 64 0 1 0 1 16 61.926134508434814 0.4560433441539121850943041944760071954375 0.009323871007883766953939680071211878295288 0.0 0.0 5.877471754111437539843682686111228389093e-39 0.0 0.0 0.0 -0.1953938509527994111000020035353952841256 0.009174324790743333764166322882348599043513 0.0 0.0 0.0 0.0 0.0 0.0 -0.1953938509527994111000020035353952841256 0.009174324790743333764166322882348599043513
-13 64 0 1 0 1 17 81.58085624019631 0.2905650118720379295669632223484007326406 0.009264681233437709092332081449954261057352 1.175494350822287507968736537222245677819e-38 0.0 5.877471754111437539843682686111228389093e-39 0.0 0.0 0.0 -0.1185424714480639331879966061864855867695 0.009056756549950955847634330755031225650086 0.0 0.0 0.0 0.0 0.0 0.0 -0.1185424714480639331879966061864855867695 0.009056756549950955847634330755031225650086
7 96 5 48 13 96 17 71.21787391053124 -0.08260602977088851271418696079498602145436 0.009151287445353231707947023307953632151183 0.1195064183492674288906466332724010059038 3.837701699694896490921099819181555819699e-05 0.1581817068655646363016815456974772373603 4.989012212522304117807089498601918553129e-05 0.1195064183492674288906466332724010059096 3.837701699694896490921099819181554644205e-05 0.006643681176165366856368136702936270072916 0.009179247830158716627016145676323990446966 0.230746742508558257369390823628524403042 7.127160306685402994704470426193516659593e-05 0.1581817068655646363016815456974772373721 4.989012212522304117807089498601917377634e-05 0.230746742508558257369390823628524403089 7.127160306685402994704470426193515484099e-05 0.13584354621235903545426406907979546569 0.009217076586149032426867367976457616881685
1 24 7 96 5 48 16 41.29333775842705 -0.3424935140115689296265850535330724037498 0.009300701420159130690645309350484666451677 0.2120130917264861388653954092444314188396 1.544972810231679125662642563681251881442e-05 0.3266578942327819663807869914582693062525 2.207104015568306507728047214952205642349e-05 0.2120130917264861388653954092444314188631 1.544972810231679125662642563681251587569e-05 -0.08137152622967507713734541169282325761678 0.009318910019630693593267916288355681411877 0.6523610753837145793452894739827025472194 3.862432028322108955799455678231551898605e-05 0.3266578942327819663807869914582693062877 2.207104015568306507728047214952205348476e-05 0.652361075383714579345289473982702547243 3.862432028322108955799455678231553367973e-05 0.5112004485147200513452670827026509119003 0.009347050582490365249120533584742225219332
