(d) farTensor against every cached 220-bit reference.  rt = route (1 whole box,
    2 octants, 3 k-series), L = whole-box L or the largest sub-box L; eMx =
    max_ab |G-Gr|/max|Gr|; pEn = worst per entry (entries above 1e-8 of the largest);
    eRe/eIm = the same for the real and imaginary parts separately; grd marks the
    item-3 grid (8 separations x 3 directions); src = which cache the reference is.

shp  D             f           rho     kR       rt  L    eMx       pEn       eRe       eIm       grd  src
c32  (18,4,4)      0.37,0.0    0.0918  1.371    1   12   2.70e-16  5.45e-16  7.78e-16  3.46e-16       auditG
c32  (-24,-24,-5)  0.37,0.0    0.0505  2.492    1   10   3.18e-16  4.70e-16  5.40e-16  1.43e-15       auditG
c32  (0,27,4)      0.37,0.0    0.0635  1.983    1   12   3.44e-16  8.60e-16  8.87e-16  6.43e-16       auditG
c32  (4,21,27)     0.37,0.0    0.0503  2.502    1   10   4.32e-16  4.32e-16  4.05e-16  8.40e-16       auditG
c32  (-23,-5,28)   0.37,0.0    0.0474  2.657    1   10   3.61e-16  6.88e-16  7.60e-16  2.31e-15       auditG
c32  (-14,8,28)    0.37,0.0    0.0536  2.347    1   12   5.79e-16  6.99e-16  5.73e-15  5.91e-16       auditG
c32  (15,28,28)    0.37,0.0    0.0409  3.076    1   10   4.83e-16  4.83e-16  4.97e-16  7.51e-16       auditG
c32  (-4,-10,29)   0.37,0.0    0.056   2.247    1   12   6.30e-16  6.93e-16  5.11e-16  1.27e-15       auditG
c32  (0,-32,30)    0.37,0.0    0.0395  3.187    1   10   6.48e-16  6.48e-16  8.68e-16  2.33e-15       auditG
c32  (-34,-15,35)  0.37,0.0    0.0339  3.709    1   10   7.08e-16  7.87e-16  6.46e-16  1.85e-15       auditG
c32  (-16,-37,-16) 0.37,0.0    0.0399  3.151    1   10   2.33e-16  4.54e-16  5.42e-16  4.06e-16       auditG
c32  (37,8,0)      0.37,0.0    0.0458  2.75     1   10   6.98e-16  6.98e-16  3.59e-15  9.43e-14       auditG
c32  (0,-38,-22)   0.37,0.0    0.0394  3.19     1   10   4.25e-16  5.14e-16  2.48e-16  3.12e-15       auditG
c32  (12,14,-39)   0.37,0.0    0.0402  3.134    1   10   4.94e-16  5.09e-16  5.17e-16  5.60e-16       auditG
c32  (0,0,2)       1.0,0.0     0.866   0.393    2   50   1.57e-15  1.57e-15  1.57e-15  2.49e-16       famBsub
c32  (0,1,2)       1.0,0.0     0.7746  0.439    2   51   6.78e-16  3.35e-15  3.40e-15  3.28e-16       famBsub
c32  (0,2,0)       1.0,0.0     0.866   0.393    2   50   4.40e-15  4.40e-15  4.40e-15  2.49e-16       famBsub
c32  (0,2,1)       1.0,0.0     0.7746  0.439    2   51   1.22e-15  1.56e-15  1.56e-15  4.67e-16       famBsub
c32  (1,0,2)       1.0,0.0     0.7746  0.439    2   51   7.56e-16  3.74e-15  3.79e-15  4.67e-16       famBsub
c32  (1,1,2)       1.0,0.0     0.7071  0.481    2   51   1.32e-15  1.32e-15  1.32e-15  2.02e-16       famBsub
c32  (1,2,0)       1.0,0.0     0.7746  0.439    2   51   1.62e-15  1.62e-15  1.62e-15  4.67e-16       famBsub
c32  (1,2,1)       1.0,0.0     0.7071  0.481    2   51   6.07e-16  1.82e-15  1.85e-15  2.06e-16       famBsub
c32  (2,0,0)       1.0,0.0     0.866   0.393    2   50   4.40e-15  4.40e-15  4.40e-15  2.49e-16  yes  pairs
c32  (2,0,1)       1.0,0.0     0.7746  0.439    2   51   1.37e-15  1.76e-15  1.76e-15  4.67e-16       famBsub
c32  (2,1,0)       1.0,0.0     0.7746  0.439    2   51   1.62e-15  1.62e-15  1.62e-15  3.28e-16       famDQ
c32  (2,1,1)       1.0,0.0     0.7071  0.481    2   51   6.07e-16  1.82e-15  1.85e-15  2.06e-16       famDQ
c32  (2,2,0)       1.0,0.0     0.6124  0.555    1   48   9.41e-16  9.41e-16  9.41e-16  1.77e-16  yes  pairs
c32  (2,2,1)       1.0,0.0     0.5774  0.589    1   44   4.27e-16  8.58e-16  8.58e-16  2.60e-16       famBsub
c32  (2,2,2)       1.0,0.0     0.5     0.68     1   36   1.31e-15  1.31e-15  1.31e-15  1.73e-16  yes  pairs
c32  (3,0,0)       1.0,0.0     0.5774  0.589    1   44   4.93e-16  1.30e-15  1.32e-15  9.26e-17  yes  pairs
c32  (3,1,0)       1.0,0.0     0.5477  0.621    1   42   3.12e-16  6.09e-16  6.16e-16  2.89e-16       pairs
c32  (3,1,1)       1.0,0.0     0.5222  0.651    1   38   1.13e-15  1.13e-15  1.13e-15  1.55e-16       famDQ
c32  (3,2,1)       1.0,0.0     0.4629  0.735    1   34   7.18e-16  1.21e-15  1.30e-15  4.24e-16       auditG
c32  (3,3,0)       1.0,0.0     0.4082  0.833    1   30   1.36e-15  1.36e-15  1.36e-15  1.85e-16  yes  pairs
c32  (3,3,3)       1.0,0.0     0.3333  1.02     1   24   8.60e-16  8.60e-16  8.60e-16  2.53e-16  yes  pairs
c32  (4,0,0)       1.0,0.0     0.433   0.785    1   32   3.93e-16  7.69e-16  8.09e-16  2.40e-16  yes  pairs
c32  (4,4,0)       1.0,0.0     0.3062  1.111    1   24   4.88e-16  5.42e-16  6.74e-16  1.86e-16  yes  pairs
c32  (4,4,4)       1.0,0.0     0.25    1.36     1   20   4.55e-16  4.55e-16  1.44e-15  1.76e-16  yes  pairs
c32  (5,1,0)       1.0,0.0     0.3397  1.001    1   26   4.95e-16  1.42e-15  1.78e-15  2.59e-16       pairs
c32  (6,0,0)       1.0,0.0     0.2887  1.178    1   22   1.83e-16  4.30e-16  5.61e-16  1.21e-16  yes  pairs
c32  (6,6,0)       1.0,0.0     0.2041  1.666    1   18   4.14e-16  4.14e-16  4.18e-16  1.60e-16  yes  pairs
c32  (6,6,6)       1.0,0.0     0.1667  2.041    1   16   2.62e-16  2.62e-16  5.28e-16  1.20e-16  yes  pairs
c32  (7,-3,2)      1.0,0.0     0.22    1.546    1   18   3.75e-16  1.01e-15  1.01e-15  3.53e-16       auditG
c32  (-8,1,-8)     1.0,0.0     0.1525  2.23     1   16   4.74e-16  5.42e-16  9.84e-16  4.33e-16       auditG
c32  (8,0,0)       1.0,0.0     0.2165  1.571    1   18   2.39e-16  4.15e-16  4.71e-16  3.39e-16  yes  pairs
c32  (8,8,0)       1.0,0.0     0.1531  2.221    1   16   1.49e-16  2.13e-16  7.38e-16  3.57e-16  yes  pairs
c32  (8,8,8)       1.0,0.0     0.125   2.721    1   14   4.79e-16  4.79e-16  2.11e-16  1.12e-15  yes  pairs
c32  (16,0,0)      1.0,0.0     0.1083  3.142    1   14   4.08e-16  4.08e-16  3.88e-16  6.56e-16  yes  pairs
c32  (16,16,0)     1.0,0.0     0.0765  4.443    1   12   3.04e-16  3.04e-16  1.04e-15  3.01e-16  yes  pairs
c32  (16,16,16)    1.0,0.0     0.0625  5.441    1   12   7.58e-16  9.60e-16  4.96e-16  2.90e-15  yes  pairs
c32  (18,4,4)      1.0,0.0     0.0918  3.705    1   14   4.28e-16  4.28e-16  5.69e-16  5.40e-16       auditG
c32  (-19,-19,-6)  1.0,0.0     0.0629  5.406    1   12   1.05e-15  1.05e-15  4.24e-16  1.94e-15       auditG
c32  (15,19,-2)    1.0,0.0     0.0713  4.769    1   12   2.47e-16  4.89e-16  2.61e-15  5.98e-16       auditG
c32  (19,6,-9)     1.0,0.0     0.0792  4.293    1   12   5.93e-16  5.93e-16  6.40e-16  6.42e-16       auditG
c32  (-20,-17,8)   1.0,0.0     0.0631  5.388    1   12   2.34e-16  4.56e-16  4.73e-16  2.96e-16       auditG
c32  (-24,-24,-5)  1.0,0.0     0.0505  6.736    1   12   1.14e-16  2.18e-16  2.24e-16  4.47e-16       auditG
c32  (-22,0,25)    1.0,0.0     0.052   6.539    1   12   2.38e-16  3.90e-16  2.92e-16  2.47e-15       auditG
c32  (-8,-14,-25)  1.0,0.0     0.0582  5.841    1   12   3.68e-16  8.39e-16  1.19e-15  4.64e-15       auditG
c32  (-27,-27,3)   1.0,0.0     0.0452  7.52     1   12   4.08e-16  8.10e-16  6.13e-16  8.11e-16       auditG
c32  (-27,27,-9)   1.0,0.0     0.0442  7.703    1   12   1.38e-16  7.99e-16  4.09e-16  8.19e-16       auditG
c32  (0,27,4)      1.0,0.0     0.0635  5.359    1   12   2.09e-16  4.38e-16  1.12e-16  5.64e-16       auditG
c32  (4,21,27)     1.0,0.0     0.0503  6.762    1   12   1.45e-15  1.50e-15  7.41e-16  7.79e-15       auditG
c32  (20,20,27)    1.0,0.0     0.0443  7.678    1   12   2.00e-16  2.00e-16  3.68e-16  1.95e-16       auditG
c32  (22,0,27)     1.0,0.0     0.0497  6.838    1   12   1.03e-15  1.12e-15  3.59e-16  3.13e-15       auditG
c32  (-23,-5,28)   1.0,0.0     0.0474  7.182    1   12   3.44e-16  7.68e-16  8.62e-16  7.69e-16       auditG
c32  (-17,0,28)    1.0,0.0     0.0529  6.432    1   12   1.27e-15  1.33e-15  3.56e-16  7.03e-15       auditG
c32  (-14,8,28)    1.0,0.0     0.0536  6.344    1   12   1.66e-15  1.66e-15  5.88e-16  1.12e-14       auditG
c32  (15,28,28)    1.0,0.0     0.0409  8.314    1   12   2.16e-16  3.41e-16  4.45e-16  3.98e-16       auditG
c32  (-4,-10,29)   1.0,0.0     0.056   6.074    1   12   6.51e-16  6.51e-16  6.72e-16  1.30e-14       auditG
c32  (11,-29,14)   1.0,0.0     0.0509  6.682    1   12   8.89e-16  8.89e-16  4.96e-16  4.17e-15       auditG
c32  (-3,31,-29)   1.0,0.0     0.0407  8.356    1   12   2.41e-16  4.39e-16  2.64e-16  4.67e-16       auditG
c32  (0,-32,30)    1.0,0.0     0.0395  8.613    1   12   7.52e-16  7.52e-16  4.83e-16  1.25e-15       auditG
c32  (0,24,-32)    1.0,0.0     0.0433  7.854    1   12   2.01e-16  2.95e-16  1.08e-15  2.94e-16       auditG
c32  (2,32,-16)    1.0,0.0     0.0483  7.036    1   12   3.03e-16  8.82e-16  5.62e-16  1.57e-14       auditG
c32  (32,0,0)      1.0,0.0     0.0541  6.283    1   12   2.35e-16  6.15e-16  3.77e-15  7.40e-16  yes  pairs
c32  (32,32,0)     1.0,0.0     0.0383  8.886    1   10   3.48e-16  3.48e-16  2.34e-16  1.15e-15  yes  pairs
c32  (32,32,32)    1.0,0.0     0.0312  10.883   1   10   3.19e-16  4.51e-16  2.66e-16  4.56e-16  yes  pairs
c32  (-15,22,-33)  1.0,0.0     0.0408  8.326    1   12   3.61e-16  5.63e-16  1.03e-15  8.14e-16       auditG
c32  (33,12,-24)   1.0,0.0     0.0407  8.351    1   12   2.55e-16  5.20e-16  8.83e-16  7.59e-16       auditG
c32  (-22,-34,-22) 1.0,0.0     0.0376  9.049    1   10   5.65e-16  5.65e-16  3.10e-16  8.09e-15       auditG
c32  (-14,34,0)    1.0,0.0     0.0471  7.22     1   12   3.94e-16  1.08e-15  2.10e-16  4.28e-15       auditG
c32  (-35,-24,30)  1.0,0.0     0.0333  10.205   1   10   5.63e-16  1.33e-15  4.23e-16  1.50e-15       auditG
c32  (-34,-15,35)  1.0,0.0     0.0339  10.023   1   10   8.02e-16  9.54e-16  2.59e-16  1.86e-15       auditG
c32  (-7,6,-36)    1.0,0.0     0.0466  7.297    1   12   4.52e-16  1.64e-15  2.72e-16  8.64e-15       auditG
c32  (36,-18,17)   1.0,0.0     0.0396  8.579    1   12   6.51e-16  6.65e-16  2.22e-16  1.18e-15       auditG
c32  (-37,23,16)   1.0,0.0     0.0373  9.113    1   10   6.93e-16  6.93e-16  3.15e-16  3.20e-14       auditG
c32  (-16,-37,-16) 1.0,0.0     0.0399  8.516    1   12   3.39e-16  3.70e-16  4.10e-16  4.96e-16       auditG
c32  (37,8,0)      1.0,0.0     0.0458  7.433    1   12   2.66e-16  2.86e-16  3.94e-16  1.10e-15       auditG
c32  (37,28,-21)   1.0,0.0     0.034   10.0     1   10   4.80e-16  8.23e-16  4.42e-16  1.64e-15       auditG
c32  (0,-38,-22)   1.0,0.0     0.0394  8.622    1   12   8.73e-16  8.73e-16  1.04e-15  1.32e-15       auditG
c32  (12,14,-39)   1.0,0.0     0.0402  8.47     1   12   3.60e-16  1.01e-15  9.80e-15  6.43e-16       auditG
c32  (39,15,0)     1.0,0.0     0.0415  8.204    1   12   4.31e-16  1.22e-15  6.88e-16  1.40e-15       auditG
c32  (64,0,0)      1.0,0.0     0.0271  12.566   1   10   1.01e-15  1.01e-15  8.89e-15  1.22e-14  yes  pairs
c32  (64,64,0)     1.0,0.0     0.0191  17.772   1   10   3.54e-16  3.54e-16  3.08e-16  3.69e-16  yes  pairs
c32  (64,64,64)    1.0,0.0     0.0156  21.766   1   10   1.75e-15  1.75e-15  2.69e-16  1.97e-14  yes  pairs
c32  (0,0,2)       1.0,0.1     0.866   0.395    2   50   1.66e-15  1.66e-15  1.67e-15  1.54e-15       famBsub
c32  (0,1,2)       1.0,0.1     0.7746  0.441    2   51   6.33e-16  2.92e-15  3.19e-15  3.12e-16       famBsub
c32  (0,2,0)       1.0,0.1     0.866   0.395    2   50   9.97e-16  1.80e-15  1.83e-15  1.42e-15       famBsub
c32  (0,2,1)       1.0,0.1     0.7746  0.441    2   51   1.73e-15  2.19e-15  2.21e-15  1.49e-15       famBsub
c32  (1,0,2)       1.0,0.1     0.7746  0.441    2   51   6.54e-16  2.92e-15  3.19e-15  3.71e-16       famBsub
c32  (1,1,2)       1.0,0.1     0.7071  0.483    2   51   6.58e-16  7.42e-16  7.51e-16  5.99e-16       famBsub
c32  (1,2,0)       1.0,0.1     0.7746  0.441    2   51   8.10e-16  1.69e-15  1.81e-15  8.37e-16       famBsub
c32  (1,2,1)       1.0,0.1     0.7071  0.483    2   51   1.38e-15  1.60e-15  1.75e-15  7.55e-16       famBsub
c32  (2,0,0)       1.0,0.1     0.866   0.395    2   50   9.98e-16  1.80e-15  1.84e-15  1.36e-15  yes  pairs
c32  (2,0,1)       1.0,0.1     0.7746  0.441    2   51   1.57e-15  1.99e-15  2.00e-15  1.49e-15       famBsub
c32  (2,1,0)       1.0,0.1     0.7746  0.441    2   51   1.29e-15  2.04e-15  2.21e-15  8.37e-16       famDQ
c32  (2,1,1)       1.0,0.1     0.7071  0.483    2   51   1.39e-15  1.60e-15  1.75e-15  9.09e-16       famDQ
c32  (2,2,0)       1.0,0.1     0.6124  0.558    1   48   1.05e-15  1.05e-15  1.07e-15  3.15e-14  yes  pairs
c32  (2,2,1)       1.0,0.1     0.5774  0.592    1   44   4.10e-16  8.23e-16  8.34e-16  4.39e-16       auditG
c32  (2,2,2)       1.0,0.1     0.5     0.684    1   36   8.08e-16  8.08e-16  8.17e-16  1.17e-15  yes  pairs
c32  (3,0,0)       1.0,0.1     0.5774  0.592    1   44   5.65e-16  9.81e-16  1.05e-15  6.44e-16  yes  pairs
c32  (3,1,0)       1.0,0.1     0.5477  0.624    1   42   9.17e-16  9.17e-16  9.21e-16  8.53e-16       famBsub
c32  (3,1,1)       1.0,0.1     0.5222  0.654    1   38   5.49e-16  1.10e-15  1.12e-15  6.62e-16       famDQ
c32  (3,2,1)       1.0,0.1     0.4629  0.738    1   34   4.88e-16  8.69e-16  1.33e-15  2.00e-15       auditG
c32  (3,3,0)       1.0,0.1     0.4082  0.837    1   30   8.66e-16  1.09e-15  1.27e-15  6.73e-16  yes  pairs
c32  (3,3,3)       1.0,0.1     0.3333  1.025    1   24   7.15e-16  7.15e-16  7.22e-16  2.34e-16  yes  pairs
c32  (4,0,0)       1.0,0.1     0.433   0.789    1   32   1.22e-15  1.29e-15  1.47e-15  4.09e-15  yes  pairs
c32  (4,4,0)       1.0,0.1     0.3062  1.116    1   24   2.12e-16  3.24e-16  4.23e-16  7.08e-16  yes  pairs
c32  (4,4,4)       1.0,0.1     0.25    1.367    1   20   2.75e-16  3.21e-16  1.27e-15  2.44e-15  yes  pairs
c32  (6,0,0)       1.0,0.1     0.2887  1.184    1   22   4.20e-16  9.22e-16  1.27e-15  7.95e-16  yes  pairs
c32  (6,6,0)       1.0,0.1     0.2041  1.674    1   18   8.37e-16  8.54e-16  8.66e-16  9.60e-15  yes  pairs
c32  (6,6,6)       1.0,0.1     0.1667  2.051    1   16   4.32e-16  5.21e-16  7.12e-16  7.25e-16  yes  pairs
c32  (-8,1,-8)     1.0,0.1     0.1525  2.241    1   16   3.09e-16  7.06e-16  7.37e-16  8.27e-16       auditG
c32  (8,0,0)       1.0,0.1     0.2165  1.579    1   18   6.22e-16  6.22e-16  6.24e-16  8.18e-16  yes  pairs
c32  (8,8,0)       1.0,0.1     0.1531  2.233    1   16   1.98e-16  2.48e-16  2.10e-16  6.15e-16  yes  pairs
c32  (8,8,8)       1.0,0.1     0.125   2.734    1   14   2.67e-16  3.88e-16  1.79e-16  6.62e-16  yes  pairs
c32  (16,0,0)      1.0,0.1     0.1083  3.157    1   14   4.12e-16  4.12e-16  3.47e-16  7.46e-16  yes  pairs
c32  (16,16,0)     1.0,0.1     0.0765  4.465    1   12   4.94e-16  5.90e-16  1.78e-15  6.01e-16  yes  pairs
c32  (16,16,16)    1.0,0.1     0.0625  5.469    1   12   3.72e-16  6.69e-16  6.84e-16  5.03e-16  yes  pairs
c32  (18,4,4)      1.0,0.1     0.0918  3.723    1   14   5.51e-16  6.87e-16  8.67e-16  8.95e-16       auditG
c32  (-19,-19,-6)  1.0,0.1     0.0629  5.433    1   12   2.54e-16  4.58e-16  3.91e-16  8.14e-16       auditG
c32  (15,19,-2)    1.0,0.1     0.0713  4.793    1   12   2.50e-16  5.58e-16  8.39e-16  5.41e-16       auditG
c32  (19,6,-9)     1.0,0.1     0.0792  4.314    1   12   1.78e-16  2.91e-16  6.36e-16  2.92e-16       auditG
c32  (-20,-17,8)   1.0,0.1     0.0631  5.415    1   12   2.39e-16  5.15e-16  6.00e-16  4.16e-16       auditG
c32  (-24,-24,-5)  1.0,0.1     0.0505  6.77     1   12   9.81e-17  2.67e-16  2.42e-16  3.20e-16       auditG
c32  (-22,0,25)    1.0,0.1     0.052   6.571    1   12   1.96e-16  3.67e-16  4.58e-16  2.79e-15       auditG
c32  (-8,-14,-25)  1.0,0.1     0.0582  5.87     1   12   2.55e-16  6.51e-16  1.08e-15  6.56e-16       auditG
c32  (-27,-27,3)   1.0,0.1     0.0452  7.558    1   12   2.86e-16  4.12e-16  1.82e-15  4.09e-16       auditG
c32  (-27,27,-9)   1.0,0.1     0.0442  7.741    1   12   2.13e-16  4.01e-16  1.31e-15  4.10e-16       auditG
c32  (0,27,4)      1.0,0.1     0.0635  5.386    1   12   1.41e-16  3.79e-16  3.09e-16  4.37e-16       auditG
c32  (4,21,27)     1.0,0.1     0.0503  6.796    1   12   3.76e-16  8.67e-16  9.20e-16  8.34e-16       auditG
c32  (20,20,27)    1.0,0.1     0.0443  7.716    1   12   5.62e-16  5.62e-16  5.24e-16  5.66e-16       auditG
c32  (22,0,27)     1.0,0.1     0.0497  6.873    1   12   3.24e-16  6.16e-16  7.06e-16  1.29e-15       auditG
c32  (-23,-5,28)   1.0,0.1     0.0474  7.218    1   12   1.65e-16  3.75e-16  3.81e-16  3.65e-16       auditG
c32  (-17,0,28)    1.0,0.1     0.0529  6.464    1   12   4.58e-16  6.90e-16  7.29e-16  8.45e-16       auditG
c32  (-14,8,28)    1.0,0.1     0.0536  6.376    1   12   3.39e-16  1.05e-15  9.72e-16  1.33e-15       auditG
c32  (15,28,28)    1.0,0.1     0.0409  8.356    1   12   2.22e-16  2.39e-16  3.11e-16  3.33e-16       auditG
c32  (-4,-10,29)   1.0,0.1     0.056   6.104    1   12   5.35e-16  5.89e-16  5.91e-16  7.08e-16       auditG
c32  (11,-29,14)   1.0,0.1     0.0509  6.715    1   12   4.12e-16  7.77e-16  6.80e-16  2.32e-15       auditG
c32  (-3,31,-29)   1.0,0.1     0.0407  8.397    1   12   2.30e-16  4.83e-16  2.47e-16  5.13e-16       auditG
c32  (0,-32,30)    1.0,0.1     0.0395  8.656    1   12   4.93e-16  4.93e-16  5.09e-16  4.70e-16       auditG
c32  (0,24,-32)    1.0,0.1     0.0433  7.893    1   12   6.80e-16  7.16e-16  1.07e-15  7.16e-16       auditG
c32  (2,32,-16)    1.0,0.1     0.0483  7.071    1   12   2.38e-16  5.08e-16  4.41e-16  3.48e-14       auditG
c32  (32,0,0)      1.0,0.1     0.0541  6.315    1   12   2.54e-16  7.85e-16  6.70e-16  8.62e-16  yes  pairs
c32  (32,32,0)     1.0,0.1     0.0383  8.93     1   10   2.23e-16  3.67e-16  3.75e-16  3.54e-16  yes  pairs
c32  (32,32,32)    1.0,0.1     0.0312  10.937   1   10   4.47e-16  8.58e-16  4.44e-16  8.68e-16  yes  pairs
c32  (-15,22,-33)  1.0,0.1     0.0408  8.367    1   12   6.26e-16  7.51e-16  1.68e-15  8.51e-16       auditG
c32  (33,12,-24)   1.0,0.1     0.0407  8.393    1   12   5.35e-16  5.35e-16  8.32e-16  3.15e-16       auditG
c32  (-22,-34,-22) 1.0,0.1     0.0376  9.094    1   10   2.02e-16  3.38e-16  3.83e-16  1.75e-15       auditG
c32  (-14,34,0)    1.0,0.1     0.0471  7.256    1   12   3.75e-16  4.07e-16  3.84e-16  4.46e-15       auditG
c32  (-35,-24,30)  1.0,0.1     0.0333  10.255   1   10   5.06e-16  7.28e-16  9.49e-16  5.77e-16       auditG
c32  (-34,-15,35)  1.0,0.1     0.0339  10.073   1   10   1.61e-16  2.65e-16  3.71e-16  3.11e-16       auditG
c32  (-7,6,-36)    1.0,0.1     0.0466  7.333    1   12   5.27e-16  1.54e-15  5.34e-16  5.17e-15       auditG
c32  (36,-18,17)   1.0,0.1     0.0396  8.622    1   12   4.14e-16  5.98e-16  4.35e-16  6.75e-16       auditG
c32  (-37,23,16)   1.0,0.1     0.0373  9.158    1   10   1.92e-16  5.87e-16  5.87e-16  3.11e-15       auditG
c32  (-16,-37,-16) 1.0,0.1     0.0399  8.558    1   12   4.58e-16  4.58e-16  7.57e-16  5.75e-16       auditG
c32  (37,8,0)      1.0,0.1     0.0458  7.47     1   12   1.91e-16  4.21e-16  1.26e-15  1.55e-15       auditG
c32  (37,28,-21)   1.0,0.1     0.034   10.05    1   10   2.62e-16  3.84e-16  5.92e-16  3.71e-16       auditG
c32  (0,-38,-22)   1.0,0.1     0.0394  8.665    1   12   3.19e-16  5.98e-16  2.46e-15  4.83e-16       auditG
c32  (12,14,-39)   1.0,0.1     0.0402  8.513    1   12   2.04e-16  7.45e-16  4.00e-15  5.11e-16       auditG
c32  (39,15,0)     1.0,0.1     0.0415  8.245    1   12   1.94e-16  5.20e-16  4.88e-16  5.42e-16       auditG
c32  (64,0,0)      1.0,0.1     0.0271  12.629   1   10   2.98e-16  1.87e-15  8.16e-14  9.43e-16  yes  pairs
c32  (64,64,0)     1.0,0.1     0.0191  17.86    1   10   1.86e-16  1.88e-16  1.19e-16  2.22e-16  yes  pairs
c32  (64,64,64)    1.0,0.1     0.0156  21.874   1   10   1.85e-16  3.64e-16  3.64e-16  4.55e-16  yes  pairs
c32  (-8,1,-8)     1.0,1.0     0.1525  3.154    1   16   5.29e-16  8.54e-16  1.36e-15  9.18e-16       auditG
c32  (15,19,-2)    1.0,1.0     0.0713  6.745    1   12   1.46e-16  3.56e-16  9.26e-15  2.55e-16       auditG
c32  (19,6,-9)     1.0,1.0     0.0792  6.071    1   14   3.43e-16  5.34e-16  4.15e-15  3.18e-15       auditG
c32  (-20,-17,8)   1.0,1.0     0.0631  7.62     1   12   2.17e-16  5.38e-16  5.50e-16  5.18e-16       auditG
c32  (-27,-27,3)   1.0,1.0     0.0452  10.636   1   12   2.94e-16  4.11e-16  8.22e-16  3.96e-16       auditG
c32  (-17,0,28)    1.0,1.0     0.0529  9.096    1   12   7.87e-16  7.87e-16  7.91e-16  9.50e-16       auditG
c32  (0,24,-32)    1.0,1.0     0.0433  11.107   1   12   3.04e-16  3.34e-16  3.38e-15  2.88e-16       auditG
c32  (-15,22,-33)  1.0,1.0     0.0408  11.774   1   12   5.96e-16  6.99e-16  1.33e-15  6.65e-16       auditG
c32  (33,12,-24)   1.0,1.0     0.0407  11.81    1   12   2.79e-16  4.74e-16  5.01e-16  4.56e-16       auditG
c32  (-22,-34,-22) 1.0,1.0     0.0376  12.797   1   12   4.63e-16  4.63e-16  4.65e-16  1.18e-15       auditG
c32  (-35,-24,30)  1.0,1.0     0.0333  14.431   1   12   7.67e-16  7.81e-16  9.60e-16  6.95e-16       auditG
c32  (-7,6,-36)    1.0,1.0     0.0466  10.319   1   12   2.92e-16  1.71e-15  8.73e-16  2.05e-15       auditG
c32  (37,28,-21)   1.0,1.0     0.034   14.143   1   12   5.71e-16  5.71e-16  6.23e-16  6.12e-16       auditG
c32  (-19,-19,-6)  3.0,0.3     0.0629  16.298   1   14   3.23e-16  4.65e-16  5.09e-16  2.50e-16       auditG
c32  (-22,0,25)    3.0,0.3     0.052   19.714   1   14   2.04e-16  4.05e-16  4.93e-16  3.41e-16       auditG
c32  (-8,-14,-25)  3.0,0.3     0.0582  17.611   1   14   5.38e-16  6.43e-16  8.29e-15  6.66e-16       auditG
c32  (-27,27,-9)   3.0,0.3     0.0442  23.224   1   14   4.88e-16  4.88e-16  7.83e-16  4.61e-16       auditG
c32  (20,20,27)    3.0,0.3     0.0443  23.148   1   14   4.26e-16  5.08e-16  1.50e-16  6.01e-16       auditG
c32  (22,0,27)     3.0,0.3     0.0497  20.618   1   14   4.53e-16  7.57e-16  1.57e-14  7.57e-16       auditG
c32  (11,-29,14)   3.0,0.3     0.0509  20.145   1   14   2.50e-16  2.50e-16  1.89e-16  2.65e-16       auditG
c32  (-3,31,-29)   3.0,0.3     0.0407  25.192   1   14   1.76e-16  3.50e-16  3.37e-16  2.43e-15       auditG
c32  (2,32,-16)    3.0,0.3     0.0483  21.213   1   14   2.47e-16  7.79e-16  8.60e-16  7.66e-16       auditG
c32  (-14,34,0)    3.0,0.3     0.0471  21.767   1   14   1.92e-16  3.99e-16  5.17e-16  2.50e-16       auditG
c32  (36,-18,17)   3.0,0.3     0.0396  25.865   1   14   4.77e-16  4.87e-16  5.47e-16  3.42e-16       auditG
c32  (-37,23,16)   3.0,0.3     0.0373  27.475   1   14   5.31e-16  6.21e-16  9.28e-16  4.64e-16       auditG
c32  (39,15,0)     3.0,0.3     0.0415  24.736   1   14   2.53e-16  1.32e-15  1.29e-15  1.34e-15       auditG
c8   (2,0,0)       1.0,0.0     0.866   1.571    2   50   1.25e-15  1.25e-15  1.48e-15  1.34e-16  yes  pairs
c8   (2,1,0)       1.0,0.0     0.7746  1.756    2   51   4.18e-16  6.07e-16  1.22e-15  4.77e-16       famBsub
c8   (2,1,1)       1.0,0.0     0.7071  1.924    2   51   2.62e-16  7.37e-16  7.57e-16  5.53e-16       famBsub
c8   (2,2,0)       1.0,0.0     0.6124  2.221    1   50   1.31e-15  1.71e-15  1.82e-15  5.38e-16  yes  pairs
c8   (2,2,1)       1.0,0.0     0.5774  2.356    1   46   6.24e-16  8.10e-16  1.43e-15  3.36e-16       famBsub
c8   (2,2,2)       1.0,0.0     0.5     2.721    1   38   6.42e-16  1.02e-15  1.29e-15  7.66e-16  yes  pairs
c8   (3,0,0)       1.0,0.0     0.5774  2.356    1   46   1.26e-15  1.26e-15  1.31e-15  5.42e-16  yes  pairs
c8   (3,1,0)       1.0,0.0     0.5477  2.484    1   42   6.40e-16  6.40e-16  2.03e-15  7.77e-16       famBsub
c8   (3,3,0)       1.0,0.0     0.4082  3.332    1   30   9.29e-16  9.29e-16  1.01e-15  5.61e-15  yes  pairs
c8   (3,3,3)       1.0,0.0     0.3333  4.081    1   26   4.31e-16  4.31e-16  8.52e-16  2.08e-16  yes  pairs
c8   (4,0,0)       1.0,0.0     0.433   3.142    1   32   7.27e-16  7.27e-16  1.15e-15  7.53e-16  yes  pairs
c8   (4,4,0)       1.0,0.0     0.3062  4.443    1   24   3.32e-16  5.97e-16  1.34e-15  6.09e-16  yes  pairs
c8   (4,4,4)       1.0,0.0     0.25    5.441    1   22   8.86e-16  8.86e-16  5.11e-16  2.58e-15  yes  pairs
c8   (6,0,0)       1.0,0.0     0.2887  4.712    1   24   3.25e-16  6.16e-16  9.31e-16  1.82e-15  yes  pairs
c8   (6,6,0)       1.0,0.0     0.2041  6.664    1   20   7.77e-16  8.87e-16  3.19e-16  3.77e-15  yes  pairs
c8   (6,6,6)       1.0,0.0     0.1667  8.162    1   18   3.35e-16  3.35e-16  4.56e-16  3.20e-16  yes  pairs
c8   (8,0,0)       1.0,0.0     0.2165  6.283    1   20   2.75e-16  2.81e-16  1.77e-15  1.71e-15  yes  pairs
c8   (8,8,0)       1.0,0.0     0.1531  8.886    1   18   5.09e-16  9.93e-16  1.01e-15  3.62e-16  yes  pairs
c8   (8,8,8)       1.0,0.0     0.125   10.883   1   16   3.46e-16  6.83e-16  3.49e-16  6.91e-16  yes  pairs
c8   (16,0,0)      1.0,0.0     0.1083  12.566   1   16   8.87e-16  8.87e-16  5.85e-15  1.09e-14  yes  pairs
c8   (16,16,0)     1.0,0.0     0.0765  17.772   1   16   4.67e-16  5.08e-16  5.74e-16  5.45e-16  yes  pairs
c8   (16,16,16)    1.0,0.0     0.0625  21.766   1   14   2.65e-15  2.71e-15  3.39e-16  3.06e-14  yes  pairs
c8   (32,0,0)      1.0,0.0     0.0541  25.133   1   14   1.37e-15  2.07e-15  4.97e-14  3.44e-14  yes  pairs
c8   (32,32,0)     1.0,0.0     0.0383  35.543   1   14   4.23e-16  8.44e-16  4.77e-16  9.54e-16  yes  pairs
c8   (32,32,32)    1.0,0.0     0.0312  43.531   1   14   5.50e-15  5.53e-15  6.18e-16  1.48e-14  yes  pairs
c8   (64,0,0)      1.0,0.0     0.0271  50.265   1   14   3.07e-15  3.07e-15  3.96e-16  1.55e-13  yes  pairs
c8   (64,64,0)     1.0,0.0     0.0191  71.086   1   14   2.30e-16  4.60e-16  5.46e-16  4.82e-16  yes  pairs
c8   (64,64,64)    1.0,0.0     0.0156  87.062   1   14   3.86e-16  7.72e-16  5.75e-16  9.85e-16  yes  pairs
c8   (2,0,0)       1.0,0.1     0.866   1.579    2   50   9.35e-16  1.26e-15  9.43e-16  1.75e-15  yes  pairs
c8   (2,1,0)       1.0,0.1     0.7746  1.765    2   51   1.91e-15  1.91e-15  2.55e-15  8.53e-16       famBsub
c8   (2,1,1)       1.0,0.1     0.7071  1.933    2   51   7.42e-16  1.01e-15  9.06e-16  3.51e-15       famBsub
c8   (2,2,0)       1.0,0.1     0.6124  2.233    1   50   9.37e-16  1.17e-15  1.22e-15  7.14e-16  yes  pairs
c8   (2,2,1)       1.0,0.1     0.5774  2.368    1   46   6.60e-16  9.14e-16  8.59e-16  9.32e-16       famBsub
c8   (2,2,2)       1.0,0.1     0.5     2.734    1   38   6.64e-16  9.66e-16  7.94e-17  1.73e-15  yes  pairs
c8   (3,0,0)       1.0,0.1     0.5774  2.368    1   46   8.35e-16  8.62e-16  4.77e-16  9.85e-16  yes  pairs
c8   (3,1,0)       1.0,0.1     0.5477  2.496    1   42   1.05e-15  1.31e-15  1.69e-15  1.27e-15       famBsub
c8   (3,3,0)       1.0,0.1     0.4082  3.349    1   30   3.99e-16  6.32e-16  4.01e-16  6.96e-16  yes  pairs
c8   (3,3,3)       1.0,0.1     0.3333  4.101    1   26   2.01e-16  2.01e-16  2.65e-15  2.12e-16  yes  pairs
c8   (4,0,0)       1.0,0.1     0.433   3.157    1   32   1.01e-15  1.01e-15  1.07e-15  5.31e-16  yes  pairs
c8   (4,4,0)       1.0,0.1     0.3062  4.465    1   24   2.90e-16  4.27e-16  8.87e-16  2.90e-16  yes  pairs
c8   (4,4,4)       1.0,0.1     0.25    5.469    1   22   3.40e-16  3.40e-16  4.97e-16  5.45e-16  yes  pairs
c8   (6,0,0)       1.0,0.1     0.2887  4.736    1   24   3.59e-16  8.17e-16  1.05e-15  2.22e-15  yes  pairs
c8   (6,6,0)       1.0,0.1     0.2041  6.698    1   20   2.53e-16  3.56e-16  1.40e-16  8.66e-16  yes  pairs
c8   (6,6,6)       1.0,0.1     0.1667  8.203    1   18   3.14e-16  3.14e-16  6.63e-16  3.20e-16  yes  pairs
c8   (8,0,0)       1.0,0.1     0.2165  6.315    1   20   3.47e-16  3.84e-16  5.20e-15  3.09e-16  yes  pairs
c8   (8,8,0)       1.0,0.1     0.1531  8.93     1   18   2.64e-16  3.74e-16  3.82e-16  2.23e-16  yes  pairs
c8   (8,8,8)       1.0,0.1     0.125   10.937   1   16   2.58e-16  3.41e-16  1.35e-15  2.80e-16  yes  pairs
c8   (16,0,0)      1.0,0.1     0.1083  12.629   1   16   6.33e-16  6.33e-16  8.47e-15  2.94e-15  yes  pairs
c8   (16,16,0)     1.0,0.1     0.0765  17.86    1   16   1.99e-16  3.91e-16  5.94e-16  2.49e-16  yes  pairs
c8   (16,16,16)    1.0,0.1     0.0625  21.874   1   14   5.29e-16  5.46e-16  5.48e-16  3.24e-16  yes  pairs
c8   (32,0,0)      1.0,0.1     0.0541  25.258   1   14   7.17e-16  1.28e-15  1.13e-14  3.31e-15  yes  pairs
c8   (32,32,0)     1.0,0.1     0.0383  35.72    1   14   6.72e-16  6.72e-16  7.23e-16  6.51e-16  yes  pairs
c8   (32,32,32)    1.0,0.1     0.0312  43.748   1   14   4.04e-16  8.02e-16  8.48e-16  4.50e-16  yes  pairs
c8   (64,0,0)      1.0,0.1     0.0271  50.516   1   14   1.33e-16  3.35e-15  3.66e-14  7.32e-15  yes  pairs
c8   (64,64,0)     1.0,0.1     0.0191  71.441   1   14   4.30e-16  5.56e-16  2.50e-16  5.94e-16  yes  pairs
c8   (64,64,64)    1.0,0.1     0.0156  87.497   1   14   7.24e-16  9.86e-16  7.83e-16  1.10e-15  yes  pairs
c4   (2,0,0)       1.0,0.0     0.866   3.142    2   51   4.72e-16  5.51e-16  1.38e-15  5.87e-16  yes  pairs
c4   (2,1,0)       1.0,0.0     0.7746  3.512    2   51   6.37e-16  7.86e-16  8.77e-16  3.83e-16       famDQ
c4   (2,1,1)       1.0,0.0     0.7071  3.848    2   52   3.99e-16  5.07e-16  5.02e-15  1.97e-15       famDQ
c4   (2,2,0)       1.0,0.0     0.6124  4.443    1   52   2.35e-16  4.23e-16  3.10e-16  4.41e-16  yes  pairs
c4   (2,2,1)       1.0,0.0     0.5774  4.712    1   48   1.37e-16  4.11e-16  8.90e-16  3.86e-16       famBsub
c4   (2,2,2)       1.0,0.0     0.5     5.441    1   40   1.13e-15  1.56e-15  1.41e-15  2.74e-15  yes  pairs
c4   (3,0,0)       1.0,0.0     0.5774  4.712    1   48   3.71e-16  4.39e-16  4.83e-16  1.23e-15  yes  pairs
c4   (3,1,0)       1.0,0.0     0.5477  4.967    1   44   4.83e-16  1.24e-15  1.61e-15  3.56e-16       famBsub
c4   (3,1,1)       1.0,0.0     0.5222  5.21     1   42   6.12e-16  6.38e-16  9.92e-16  7.04e-16       famDQ
c4   (3,3,0)       1.0,0.0     0.4082  6.664    1   32   8.14e-16  8.87e-16  7.54e-16  3.22e-15  yes  pairs
c4   (3,3,3)       1.0,0.0     0.3333  8.162    1   28   5.05e-16  5.05e-16  6.95e-16  4.81e-16  yes  pairs
c4   (4,0,0)       1.0,0.0     0.433   6.283    1   34   3.83e-16  1.17e-15  3.44e-15  1.05e-15  yes  pairs
c4   (4,4,0)       1.0,0.0     0.3062  8.886    1   26   4.92e-16  9.35e-16  9.35e-16  9.35e-16  yes  pairs
c4   (4,4,4)       1.0,0.0     0.25    10.883   1   24   3.44e-16  6.80e-16  2.14e-16  6.88e-16  yes  pairs
c4   (6,0,0)       1.0,0.0     0.2887  9.425    1   26   4.52e-16  4.52e-16  3.73e-16  2.91e-15  yes  pairs
c4   (6,6,0)       1.0,0.0     0.2041  13.329   1   22   7.00e-16  7.00e-16  6.32e-16  9.40e-16  yes  pairs
c4   (6,6,6)       1.0,0.0     0.1667  16.324   1   20   5.06e-16  5.06e-16  5.23e-16  8.10e-16  yes  pairs
c4   (8,0,0)       1.0,0.0     0.2165  12.566   1   22   9.56e-16  9.56e-16  4.19e-15  1.13e-14  yes  pairs
c4   (8,8,0)       1.0,0.0     0.1531  17.772   1   20   3.06e-16  6.08e-16  7.28e-16  5.60e-16  yes  pairs
c4   (8,8,8)       1.0,0.0     0.125   21.766   1   20   2.20e-15  2.20e-15  5.00e-16  2.36e-14  yes  pairs
c4   (16,0,0)      1.0,0.0     0.1083  25.133   1   18   8.22e-16  2.43e-15  6.32e-14  2.03e-14  yes  pairs
c4   (16,16,0)     1.0,0.0     0.0765  35.543   1   18   1.83e-16  2.59e-16  4.96e-16  1.49e-16  yes  pairs
c4   (16,16,16)    1.0,0.0     0.0625  43.531   1   18   4.66e-15  4.66e-15  4.98e-16  1.25e-14  yes  pairs
c4   (32,0,0)      1.0,0.0     0.0541  50.265   1   18   2.72e-15  3.95e-15  2.06e-13  1.39e-13  yes  pairs
c4   (32,32,0)     1.0,0.0     0.0383  71.086   1   18   4.90e-16  9.79e-16  6.33e-16  1.04e-15  yes  pairs
c4   (32,32,32)    1.0,0.0     0.0312  87.062   1   16   3.86e-16  7.73e-16  2.41e-16  1.01e-15  yes  pairs
c4   (64,0,0)      1.0,0.0     0.0271  100.531  1   16   8.60e-15  9.34e-15  9.69e-13  8.80e-13  yes  pairs
c4   (64,64,0)     1.0,0.0     0.0191  142.172  1   16   2.41e-16  4.82e-16  2.83e-16  6.54e-16  yes  pairs
c4   (64,64,64)    1.0,0.0     0.0156  174.125  1   16   4.05e-16  8.11e-16  3.11e-16  8.28e-16  yes  pairs
c4   (2,0,0)       1.0,0.1     0.866   3.157    2   51   2.50e-15  3.61e-15  9.12e-16  3.67e-15  yes  pairs
c4   (2,1,0)       1.0,0.1     0.7746  3.53     2   52   9.50e-16  1.90e-15  9.97e-16  2.81e-15       famDQ
c4   (2,1,1)       1.0,0.1     0.7071  3.867    2   52   1.17e-15  1.17e-15  4.38e-15  6.53e-15       famDQ
c4   (2,2,0)       1.0,0.1     0.6124  4.465    1   52   2.30e-16  4.37e-16  7.18e-16  2.78e-16  yes  pairs
c4   (2,2,1)       1.0,0.1     0.5774  4.736    1   48   2.08e-16  5.18e-16  1.24e-15  3.18e-16       famBsub
c4   (2,2,2)       1.0,0.1     0.5     5.469    1   40   6.67e-16  1.20e-15  1.24e-15  8.02e-16  yes  pairs
c4   (3,0,0)       1.0,0.1     0.5774  4.736    1   48   4.52e-16  5.24e-16  1.21e-15  4.68e-15  yes  pairs
c4   (3,1,0)       1.0,0.1     0.5477  4.992    1   44   4.86e-16  5.58e-16  8.82e-16  6.69e-16       famBsub
c4   (3,1,1)       1.0,0.1     0.5222  5.236    1   42   5.01e-16  9.97e-16  1.11e-15  1.29e-15       famDQ
c4   (3,3,0)       1.0,0.1     0.4082  6.698    1   32   4.88e-16  7.74e-16  8.34e-16  7.06e-16  yes  pairs
c4   (3,3,3)       1.0,0.1     0.3333  8.203    1   28   6.22e-16  6.22e-16  7.41e-16  6.26e-16  yes  pairs
c4   (4,0,0)       1.0,0.1     0.433   6.315    1   34   7.27e-16  1.39e-15  1.54e-14  1.38e-15  yes  pairs
c4   (4,4,0)       1.0,0.1     0.3062  8.93     1   26   3.04e-16  6.06e-16  4.04e-16  8.13e-16  yes  pairs
c4   (4,4,4)       1.0,0.1     0.25    10.937   1   24   3.60e-16  6.92e-16  8.44e-16  6.95e-16  yes  pairs
c4   (6,0,0)       1.0,0.1     0.2887  9.472    1   26   9.05e-16  9.05e-16  1.90e-15  1.04e-15  yes  pairs
c4   (6,6,0)       1.0,0.1     0.2041  13.395   1   22   3.46e-16  6.94e-16  4.92e-16  9.51e-16  yes  pairs
c4   (6,6,6)       1.0,0.1     0.1667  16.406   1   20   7.31e-16  7.31e-16  8.18e-16  4.64e-16  yes  pairs
c4   (8,0,0)       1.0,0.1     0.2165  12.629   1   22   2.14e-16  3.35e-16  4.86e-15  5.77e-16  yes  pairs
c4   (8,8,0)       1.0,0.1     0.1531  17.86    1   20   3.36e-16  3.41e-16  7.22e-16  2.78e-16  yes  pairs
c4   (8,8,8)       1.0,0.1     0.125   21.874   1   20   4.88e-16  9.54e-16  9.55e-16  8.89e-16  yes  pairs
c4   (16,0,0)      1.0,0.1     0.1083  25.258   1   18   9.29e-16  1.79e-15  1.71e-14  1.89e-14  yes  pairs
c4   (16,16,0)     1.0,0.1     0.0765  35.72    1   18   2.86e-16  2.86e-16  3.96e-16  2.17e-16  yes  pairs
c4   (16,16,16)    1.0,0.1     0.0625  43.748   1   18   3.28e-16  6.51e-16  6.69e-16  5.50e-16  yes  pairs
c4   (32,0,0)      1.0,0.1     0.0541  50.516   1   18   5.52e-16  5.52e-16  5.51e-16  1.07e-15  yes  pairs
c4   (32,32,0)     1.0,0.1     0.0383  71.441   1   18   5.29e-16  7.52e-16  5.26e-16  7.96e-16  yes  pairs
c4   (32,32,32)    1.0,0.1     0.0312  87.497   1   16   7.12e-16  9.25e-16  1.01e-15  8.72e-16  yes  pairs
c4   (64,0,0)      1.0,0.1     0.0271  101.032  1   16   4.92e-16  1.08e-15  8.10e-15  1.30e-15  yes  pairs
c4   (64,64,0)     1.0,0.1     0.0191  142.881  1   16   8.19e-16  8.29e-16  1.06e-15  8.22e-16  yes  pairs
c4   (64,64,64)    1.0,0.1     0.0156  174.993  1   16   8.10e-16  1.19e-15  1.55e-15  1.16e-15  yes  pairs
sl   (3,3,0)       0.37,0.0    0.3337  0.308    1   28   7.66e-16  7.66e-16  7.66e-16  3.91e-16       auditG
sl   (4,0,0)       0.37,0.0    0.3539  0.291    1   30   6.55e-16  1.44e-15  1.44e-15  3.95e-16  yes  auditG
sl   (-5,5,5)      0.37,0.0    0.2     0.514    1   20   8.22e-16  1.39e-15  1.39e-15  2.74e-16       auditG
sl   (0,3,5)       0.37,0.0    0.4693  0.219    1   38   8.80e-16  1.82e-15  1.82e-15  1.97e-16       auditG
sl   (0,0,32)      0.37,0.0    0.7078  0.145    2   32   5.54e-16  1.14e-15  1.14e-15  9.15e-17  yes  auditG
sl   (7,-2,33)     0.37,0.0    0.1871  0.55     1   20   7.93e-16  1.55e-15  1.55e-15  4.38e-16       auditG
sl   (0,0,48)      0.37,0.0    0.4719  0.218    1   38   1.64e-16  3.45e-16  3.45e-16  4.05e-16       auditG
sl   (0,0,64)      0.37,0.0    0.3539  0.291    1   30   1.07e-16  2.31e-16  2.31e-16  2.59e-16  yes  auditG
sl   (0,0,2)       1.0,0.0     11.3248 0.025    3   -1   3.83e-17  3.83e-17  3.83e-17  4.02e-16  yes  pairs
sl   (0,2,0)       1.0,0.0     0.7078  0.393    2   44   1.31e-15  2.37e-15  2.37e-15  2.70e-16  yes  pairs
sl   (1,0,2)       1.0,0.0     1.4047  0.198    3   -1   2.70e-17  2.95e-17  2.95e-17  5.69e-17       refQuad
sl   (1,1,2)       1.0,0.0     0.9971  0.279    3   -1   3.84e-17  6.57e-17  6.57e-17  1.56e-16       refQuad
sl   (2,0,0)       1.0,0.0     0.7078  0.393    2   44   1.17e-15  2.73e-15  2.73e-15  2.70e-16  yes  pairs
sl   (2,2,0)       1.0,0.0     0.5005  0.555    1   42   1.12e-15  1.12e-15  1.12e-15  1.69e-16       famDQ
sl   (2,2,2)       1.0,0.0     0.5     0.556    1   42   6.08e-16  8.69e-15  8.69e-15  2.15e-16       famBsub
sl   (0,0,3)       1.0,0.0     7.5498  0.037    3   -1   2.23e-17  4.55e-17  4.55e-17  3.42e-16  yes  refQuad
sl   (0,3,0)       1.0,0.0     0.4719  0.589    1   38   4.65e-16  4.65e-16  4.66e-16  1.51e-16  yes  pairs
sl   (3,0,0)       1.0,0.0     0.4719  0.589    1   38   4.65e-16  4.65e-16  4.66e-16  1.51e-16  yes  pairs
sl   (3,3,0)       1.0,0.0     0.3337  0.833    1   28   7.10e-16  1.33e-15  1.42e-15  4.71e-16       auditG
sl   (0,0,4)       1.0,0.0     5.6624  0.049    3   -1   4.94e-17  7.63e-17  7.63e-17  3.67e-17  yes  pairs
sl   (0,4,0)       1.0,0.0     0.3539  0.785    1   30   1.78e-15  1.78e-15  1.80e-15  3.81e-16  yes  pairs
sl   (4,0,0)       1.0,0.0     0.3539  0.785    1   30   1.78e-15  1.78e-15  1.80e-15  3.81e-16  yes  pairs
sl   (4,4,0)       1.0,0.0     0.2502  1.111    1   22   5.86e-16  7.81e-16  9.84e-16  2.53e-16       famBsub
sl   (4,4,4)       1.0,0.0     0.25    1.112    1   22   3.54e-16  4.71e-15  4.71e-15  1.38e-16       famB
sl   (-5,5,5)      1.0,0.0     0.2     1.39     1   20   3.95e-16  9.39e-16  9.41e-16  2.31e-16       auditG
sl   (0,3,5)       1.0,0.0     0.4693  0.592    1   38   5.23e-16  1.04e-15  1.05e-15  4.36e-16       auditG
sl   (0,0,6)       1.0,0.0     3.7749  0.074    3   -1   5.84e-17  5.84e-17  5.84e-17  3.95e-17  yes  refQuad
sl   (0,6,0)       1.0,0.0     0.2359  1.178    1   22   4.86e-16  4.86e-16  5.09e-16  1.89e-16  yes  pairs
sl   (6,0,0)       1.0,0.0     0.2359  1.178    1   22   4.86e-16  4.86e-16  5.09e-16  1.89e-16  yes  pairs
sl   (0,0,8)       1.0,0.0     2.8312  0.098    3   -1   9.84e-17  9.84e-17  9.84e-17  2.31e-17  yes  pairs
sl   (0,8,0)       1.0,0.0     0.1769  1.571    1   18   2.38e-16  4.14e-16  5.40e-16  1.85e-16  yes  pairs
sl   (8,0,0)       1.0,0.0     0.1769  1.571    1   18   2.38e-16  4.14e-16  5.40e-16  1.85e-16  yes  pairs
sl   (8,8,0)       1.0,0.0     0.1251  2.221    1   16   1.97e-16  2.53e-16  8.13e-16  5.50e-16       famB
sl   (8,8,8)       1.0,0.0     0.125   2.224    1   16   3.22e-16  4.19e-16  4.42e-16  2.29e-16       famBsub
sl   (1,1,12)      1.0,0.0     0.8843  0.314    3   -1   6.57e-17  7.00e-17  7.00e-17  6.10e-17       refQuad
sl   (0,0,16)      1.0,0.0     1.4156  0.196    3   -1   4.74e-17  6.15e-17  6.15e-17  3.80e-17  yes  pairs
sl   (0,16,0)      1.0,0.0     0.0885  3.142    1   14   2.50e-16  3.51e-16  7.68e-16  5.97e-16  yes  pairs
sl   (16,0,0)      1.0,0.0     0.0885  3.142    1   14   2.50e-16  3.51e-16  7.68e-16  5.97e-16  yes  pairs
sl   (16,16,0)     1.0,0.0     0.0626  4.443    1   14   9.63e-17  1.75e-16  7.23e-16  1.97e-16       famBsub
sl   (16,16,16)    1.0,0.0     0.0625  4.447    1   14   1.75e-16  3.79e-16  1.54e-15  4.08e-16       famBsub
sl   (0,0,20)      1.0,0.0     1.1325  0.245    2   49   2.50e-15  2.50e-15  2.50e-15  6.28e-16       refQuad
sl   (0,0,23)      1.0,0.0     0.9848  0.282    2   43   7.15e-16  7.15e-16  7.15e-16  9.87e-17       famBsub
sl   (0,0,24)      1.0,0.0     0.9437  0.295    2   41   7.64e-16  7.64e-16  7.64e-16  5.54e-16       auditG
sl   (1,1,24)      1.0,0.0     0.6867  0.405    2   42   1.07e-15  1.61e-15  1.63e-15  3.65e-16       famDQ
sl   (0,1,30)      1.0,0.0     0.6662  0.417    2   34   8.71e-16  9.11e-16  9.20e-16  4.23e-16       refQuad
sl   (0,0,32)      1.0,0.0     0.7078  0.393    2   32   1.32e-15  2.41e-15  2.41e-15  2.96e-16  yes  refQuad
sl   (0,32,0)      1.0,0.0     0.0442  6.283    1   12   1.51e-16  4.61e-16  2.67e-15  9.28e-16  yes  pairs
sl   (32,0,0)      1.0,0.0     0.0442  6.283    1   12   1.51e-16  4.61e-16  2.67e-15  9.28e-16  yes  pairs
sl   (7,-2,33)     1.0,0.0     0.1871  1.486    1   20   4.99e-16  1.29e-15  1.30e-15  4.97e-16       auditG
sl   (0,0,48)      1.0,0.0     0.4719  0.589    1   38   5.23e-16  5.23e-16  5.24e-16  2.04e-16       auditG
sl   (0,0,64)      1.0,0.0     0.3539  0.785    1   30   1.18e-16  1.29e-16  1.33e-16  1.27e-16  yes  refQuad
sl   (0,64,0)      1.0,0.0     0.0221  12.566   1   10   9.65e-16  9.65e-16  9.13e-15  1.21e-14  yes  pairs
sl   (64,0,0)      1.0,0.0     0.0221  12.566   1   10   9.65e-16  9.65e-16  9.13e-15  1.21e-14  yes  pairs
sl   (0,0,2)       1.0,0.1     11.3248 0.025    3   -1   2.30e-17  4.67e-17  4.57e-17  6.67e-17  yes  pairs
sl   (0,2,0)       1.0,0.1     0.7078  0.395    2   44   1.35e-15  3.30e-15  3.40e-15  1.01e-15  yes  pairs
sl   (1,0,2)       1.0,0.1     1.4047  0.199    3   -1   5.49e-17  7.35e-17  7.32e-17  7.94e-17       refQuad
sl   (1,1,2)       1.0,0.1     0.9971  0.28     3   -1   3.17e-17  4.67e-17  4.75e-17  8.66e-17       refQuad
sl   (2,0,0)       1.0,0.1     0.7078  0.395    2   44   1.13e-15  2.76e-15  2.85e-15  1.01e-15  yes  pairs
sl   (2,2,0)       1.0,0.1     0.5005  0.558    1   42   2.97e-16  2.97e-16  2.28e-16  2.32e-14       famDQ
sl   (2,2,2)       1.0,0.1     0.5     0.559    1   42   7.45e-16  7.83e-15  7.81e-15  8.29e-15       famB
sl   (0,0,3)       1.0,0.1     7.5498  0.037    3   -1   3.34e-17  6.80e-17  6.71e-17  8.60e-17  yes  refQuad
sl   (0,3,0)       1.0,0.1     0.4719  0.592    1   38   2.50e-16  5.88e-16  5.43e-16  8.54e-16  yes  pairs
sl   (3,0,0)       1.0,0.1     0.4719  0.592    1   38   2.50e-16  5.88e-16  5.43e-16  8.54e-16  yes  pairs
sl   (3,3,0)       1.0,0.1     0.3337  0.837    1   28   7.95e-16  7.95e-16  8.04e-16  3.36e-16       auditG
sl   (0,0,4)       1.0,0.1     5.6624  0.049    3   -1   8.93e-17  8.93e-17  9.11e-17  2.08e-17  yes  pairs
sl   (0,4,0)       1.0,0.1     0.3539  0.789    1   30   5.61e-16  1.49e-15  1.66e-15  1.88e-15  yes  pairs
sl   (4,0,0)       1.0,0.1     0.3539  0.789    1   30   5.61e-16  1.49e-15  1.66e-15  1.88e-15  yes  pairs
sl   (4,4,0)       1.0,0.1     0.2502  1.116    1   22   9.30e-16  9.30e-16  9.37e-16  3.35e-16       famB
sl   (4,4,4)       1.0,0.1     0.25    1.117    1   22   3.31e-16  5.09e-15  5.05e-15  7.27e-15       famB
sl   (-5,5,5)      1.0,0.1     0.2     1.397    1   20   4.41e-16  9.64e-16  8.78e-16  6.28e-15       auditG
sl   (0,3,5)       1.0,0.1     0.4693  0.595    1   38   1.52e-15  1.52e-15  1.53e-15  9.47e-16       auditG
sl   (0,0,6)       1.0,0.1     3.7749  0.074    3   -1   4.21e-17  4.21e-17  4.28e-17  5.67e-17  yes  refQuad
sl   (0,6,0)       1.0,0.1     0.2359  1.184    1   22   2.94e-16  6.51e-16  8.08e-16  6.46e-16  yes  pairs
sl   (6,0,0)       1.0,0.1     0.2359  1.184    1   22   2.94e-16  6.51e-16  8.08e-16  6.46e-16  yes  pairs
sl   (0,0,8)       1.0,0.1     2.8312  0.099    3   -1   7.28e-17  7.28e-17  7.42e-17  1.11e-16  yes  pairs
sl   (0,8,0)       1.0,0.1     0.1769  1.579    1   18   3.19e-16  3.19e-16  2.16e-16  6.00e-16  yes  pairs
sl   (8,0,0)       1.0,0.1     0.1769  1.579    1   18   3.19e-16  3.19e-16  2.16e-16  6.00e-16  yes  pairs
sl   (8,8,0)       1.0,0.1     0.1251  2.233    1   16   3.57e-16  3.57e-16  3.13e-16  9.36e-16       famBsub
sl   (8,8,8)       1.0,0.1     0.125   2.235    1   16   3.80e-16  5.38e-16  4.68e-16  1.04e-15       famB
sl   (1,1,12)      1.0,0.1     0.8843  0.316    3   -1   8.42e-17  8.42e-17  8.33e-17  1.03e-16       refQuad
sl   (0,0,16)      1.0,0.1     1.4156  0.197    3   -1   1.41e-17  3.00e-17  3.07e-17  5.77e-17  yes  pairs
sl   (0,16,0)      1.0,0.1     0.0885  3.157    1   14   4.35e-16  4.35e-16  4.48e-16  3.40e-16  yes  pairs
sl   (16,0,0)      1.0,0.1     0.0885  3.157    1   14   4.35e-16  4.35e-16  4.48e-16  3.40e-16  yes  pairs
sl   (16,16,0)     1.0,0.1     0.0626  4.465    1   14   2.61e-16  4.96e-16  6.88e-16  4.59e-16       famB
sl   (16,16,16)    1.0,0.1     0.0625  4.469    1   14   1.73e-16  3.01e-16  1.84e-15  3.20e-16       famB
sl   (0,0,20)      1.0,0.1     1.1325  0.247    2   49   2.44e-15  2.44e-15  2.44e-15  2.56e-15       refQuad
sl   (0,0,24)      1.0,0.1     0.9437  0.296    2   41   1.82e-16  4.03e-16  1.95e-16  1.53e-15       famB
sl   (1,1,24)      1.0,0.1     0.6867  0.407    2   42   6.37e-16  7.43e-16  7.47e-16  3.89e-16       famDQ
sl   (0,1,30)      1.0,0.1     0.6662  0.419    2   34   5.28e-16  9.21e-16  9.52e-16  6.03e-16       refQuad
sl   (0,0,32)      1.0,0.1     0.7078  0.395    2   32   9.66e-16  2.23e-15  2.31e-15  5.88e-16  yes  refQuad
sl   (0,32,0)      1.0,0.1     0.0442  6.315    1   12   1.98e-16  3.87e-16  1.35e-15  6.32e-16  yes  pairs
sl   (32,0,0)      1.0,0.1     0.0442  6.315    1   12   1.98e-16  3.87e-16  1.35e-15  6.32e-16  yes  pairs
sl   (7,-2,33)     1.0,0.1     0.1871  1.493    1   20   5.27e-16  1.21e-15  1.21e-15  3.74e-15       auditG
sl   (0,0,48)      1.0,0.1     0.4719  0.592    1   38   1.37e-16  1.37e-16  1.21e-16  5.75e-16       auditG
sl   (0,0,64)      1.0,0.1     0.3539  0.789    1   30   1.28e-16  3.36e-16  3.83e-16  1.23e-15  yes  refQuad
sl   (0,64,0)      1.0,0.1     0.0221  12.629   1   10   2.80e-16  1.47e-15  6.19e-14  4.10e-16  yes  pairs
sl   (64,0,0)      1.0,0.1     0.0221  12.629   1   10   2.80e-16  1.47e-15  6.19e-14  4.10e-16  yes  pairs
sl   (3,3,0)       1.0,1.0     0.3337  1.178    1   28   5.42e-16  6.28e-16  8.01e-15  1.12e-15       auditG
sl   (4,0,0)       1.0,1.0     0.3539  1.111    1   30   5.24e-16  6.00e-16  7.00e-15  5.54e-16  yes  auditG
sl   (-5,5,5)      1.0,1.0     0.2     1.965    1   20   8.40e-16  1.18e-15  2.02e-15  1.35e-15       auditG
sl   (0,3,5)       1.0,1.0     0.4693  0.838    1   38   3.97e-16  6.66e-16  5.79e-15  5.49e-16       auditG
sl   (0,0,32)      1.0,1.0     0.7078  0.555    2   32   1.35e-15  1.35e-15  1.01e-14  6.41e-16  yes  auditG
sl   (7,-2,33)     1.0,1.0     0.1871  2.101    1   20   8.23e-16  8.23e-16  1.69e-15  7.20e-16       auditG
sl   (0,0,48)      1.0,1.0     0.4719  0.833    1   38   3.29e-16  3.76e-16  1.76e-16  3.77e-16       auditG
sl   (0,0,64)      1.0,1.0     0.3539  1.111    1   30   2.03e-16  2.36e-16  2.81e-15  1.67e-16  yes  auditG
sl   (3,3,0)       3.0,0.3     0.3337  2.512    1   28   5.82e-16  7.93e-16  4.22e-16  1.75e-15       auditG
sl   (4,0,0)       3.0,0.3     0.3539  2.368    1   30   4.33e-16  4.44e-16  4.21e-16  7.61e-16  yes  auditG
sl   (-5,5,5)      3.0,0.3     0.2     4.19     1   20   2.34e-16  6.48e-16  3.01e-15  5.35e-16       auditG
sl   (0,3,5)       3.0,0.3     0.4693  1.786    1   38   8.41e-16  9.28e-16  8.68e-16  6.72e-15       auditG
sl   (0,0,32)      3.0,0.3     0.7078  1.184    2   32   2.48e-15  2.48e-15  2.52e-15  1.60e-15  yes  auditG
sl   (7,-2,33)     3.0,0.3     0.1871  4.479    1   20   1.87e-16  6.87e-16  9.45e-16  9.99e-16       auditG
sl   (0,0,48)      3.0,0.3     0.4719  1.776    1   40   3.63e-16  3.63e-16  2.08e-16  5.43e-16       auditG
sl   (0,0,64)      3.0,0.3     0.3539  2.368    1   30   3.53e-16  3.73e-16  7.99e-16  1.27e-16  yes  auditG

# summary, worst over each (shape, f)
shp  f           n     eMx       pEn       eRe       eIm
c32  0.37,0.0   14    7.08e-16  8.60e-16  5.73e-15  9.43e-14
c32  1.0,0.0    81    4.40e-15  4.40e-15  9.80e-15  3.20e-14
c32  1.0,0.1    79    1.73e-15  2.92e-15  8.16e-14  3.48e-14
c32  1.0,1.0    13    7.87e-16  1.71e-15  9.26e-15  3.18e-15
c32  3.0,0.3    13    5.38e-16  1.32e-15  1.57e-14  2.43e-15
c4   1.0,0.0    29    8.60e-15  9.34e-15  9.69e-13  8.80e-13
c4   1.0,0.1    29    2.50e-15  3.61e-15  1.71e-14  1.89e-14
c8   1.0,0.0    28    5.50e-15  5.53e-15  4.97e-14  1.55e-13
c8   1.0,0.1    28    1.91e-15  3.35e-15  3.66e-14  7.32e-15
sl   0.37,0.0   8     8.80e-16  1.82e-15  1.82e-15  4.38e-16
sl   1.0,0.0    45    2.50e-15  8.69e-15  9.13e-15  1.21e-14
sl   1.0,0.1    44    2.44e-15  7.83e-15  6.19e-14  2.32e-14
sl   1.0,1.0    8     1.35e-15  1.35e-15  1.01e-14  1.35e-15
sl   3.0,0.3    8     2.48e-15  2.48e-15  3.01e-15  6.72e-15

rows: 427;  worst over the whole table: eMx 8.60e-15  pEn 9.34e-15
