(j) farTensorX against every cached 220-bit unequal-cell reference (439 records).  pair = sS/g;sT/g in gcd cells g = min(sT, sS) per axis; R/g the target centre
    (source at 0); rt = route (1 whole trapezoid box, 2 gcd box sum, 3 k-series), L = whole-box
    L; eMx = max_ab |G - Gr| / max |Gr|; pEn = worst per entry (entries above 1e-8 of the largest);
    dig = log10(pEn / eps); c/G = certificate / max |G| (cert = true); c/e = certificate / actual
    absolute error (< 1 is a VIOLATION, column viol); srt/sid/seMx = route of the swapped orientation
    G(-R; sS, sT) (coarse target), |G - (Vs/Vt) G_swap| / max |G|, and (Vs/Vt) G_swap vs Gr; flip =
    worst |G_ab(sigma R) - sigma_a sigma_b G_ab(R)| / max |G| over the axis reflections and -R;
    bw = farTensorX bitwise equal to farBlockX! on the group with the same certificate.
    load average at start [5.4111328125, 5.361328125, 4.4228515625]; threads 1

pair            f        R/g              rt L   eMx       pEn       dig   c/G       c/e      viol srt sid       seMx      flip      bw
2x1x1;1x1x1     0.37     2.5,0.0,0.0      2  -1  2.67e-15  2.67e-15  1.1   1.86e-14  7.0           2   0         2.67e-15  0         y
2x1x1;1x1x1     0.37     3.5,0.0,0.0      1  48  5.19e-16  5.19e-16  0.4   1.28e-14  24.6          1   0         5.19e-16  0         y
2x1x1;1x1x1     0.37     4.5,0.0,0.0      1  34  1.08e-15  1.08e-15  0.7   1.52e-14  14.1          1   0         1.08e-15  0         y
2x1x1;1x1x1     0.37     5.5,0.0,0.0      1  28  5.35e-16  1.23e-15  0.7   1.38e-14  25.9          1   0         5.35e-16  0         y
2x1x1;1x1x1     0.37     7.5,0.0,0.0      1  22  3.76e-16  8.11e-16  0.6   1.42e-14  37.7          1   0         3.76e-16  0         y
2x1x1;1x1x1     0.37     9.5,0.0,0.0      1  20  1.99e-16  5.57e-16  0.4   6.14e-15  30.8          1   0         1.99e-16  0         y
2x1x1;1x1x1     0.37     17.5,0.0,0.0     1  14  3.09e-16  3.09e-16  0.1   1.67e-14  54.2          1   0         3.09e-16  0         y
2x1x1;1x1x1     0.37     33.5,0.0,0.0     1  12  4.47e-16  4.47e-16  0.3   5.38e-15  12.1          1   0         4.47e-16  0         y
4x1x1;1x1x1     0.37     3.5,0.0,0.0      2  -1  2.27e-15  2.27e-15  1.0   1.85e-14  8.1           2   5.02e-19  2.27e-15  5.02e-19  y
4x1x1;1x1x1     0.37     4.5,0.0,0.0      2  -1  7.28e-16  7.28e-16  0.5   1.63e-14  22.4          2   0         7.28e-16  0         y
4x1x1;1x1x1     0.37     5.5,0.0,0.0      1  44  3.03e-16  6.83e-16  0.5   1.56e-14  51.4          1   0         3.03e-16  0         y
4x1x1;1x1x1     0.37     6.5,0.0,0.0      1  36  3.85e-16  8.93e-16  0.6   1.47e-14  38.2          1   0         3.85e-16  0         y
4x1x1;1x1x1     0.37     8.5,0.0,0.0      1  28  1.65e-16  4.33e-16  0.3   1.33e-14  80.7          1   0         1.65e-16  0         y
4x1x1;1x1x1     0.37     10.5,0.0,0.0     1  24  7.52e-16  7.52e-16  0.5   1.12e-14  14.9          1   0         7.52e-16  0         y
4x1x1;1x1x1     0.37     18.5,0.0,0.0     1  18  1.48e-16  3.18e-16  0.2   5.90e-15  39.9          1   0         1.48e-16  0         y
4x1x1;1x1x1     0.37     34.5,0.0,0.0     1  14  5.14e-16  5.14e-16  0.4   5.49e-15  10.7          1   0         5.14e-16  0         y
2x2x2;1x1x1     0.37     2.5,0.0,0.0      3  -1  1.16e-17  2.40e-17  -1.0  4.63e-15  399.2         3   0         1.16e-17  0         y
2x2x2;1x1x1     0.37     3.5,0.0,0.0      3  -1  9.76e-18  9.76e-18  -1.4  4.63e-15  474.6         3   0         9.76e-18  0         y
2x2x2;1x1x1     0.37     4.5,0.0,0.0      1  44  5.86e-16  1.30e-15  0.8   2.28e-14  38.8          1   0         5.86e-16  0         y
2x2x2;1x1x1     0.37     5.5,0.0,0.0      1  34  9.92e-16  9.92e-16  0.6   1.66e-14  16.7          1   0         9.92e-16  0         y
2x2x2;1x1x1     0.37     7.5,0.0,0.0      1  26  8.67e-16  8.67e-16  0.6   8.74e-15  10.1          1   0         8.67e-16  0         y
2x2x2;1x1x1     0.37     9.5,0.0,0.0      1  22  1.16e-16  1.16e-16  -0.3  7.67e-15  66.4          1   0         1.16e-16  0         y
2x2x2;1x1x1     0.37     17.5,0.0,0.0     1  16  2.64e-16  6.05e-16  0.4   6.19e-15  23.4          1   0         2.64e-16  0         y
2x2x2;1x1x1     0.37     33.5,0.0,0.0     1  12  7.11e-16  7.42e-16  0.5   1.09e-14  15.3          1   0         7.11e-16  0         y
8x1x1;1x1x1     0.37     5.5,0.0,0.0      2  -1  2.13e-15  2.13e-15  1.0   1.80e-14  8.4           2   1.21e-16  2.01e-15  1.21e-16  y
8x1x1;1x1x1     0.37     6.5,0.0,0.0      2  -1  7.56e-16  7.56e-16  0.5   1.58e-14  20.9          2   3.15e-16  4.41e-16  3.15e-16  y
8x1x1;1x1x1     0.37     7.5,0.0,0.0      2  -1  2.65e-16  3.00e-16  0.1   1.52e-14  57.2          2   3.05e-16  5.70e-16  3.05e-16  y
8x1x1;1x1x1     0.37     8.5,0.0,0.0      1  54  1.50e-15  1.50e-15  0.8   1.20e-14  8.0           1   0         1.50e-15  0         y
8x1x1;1x1x1     0.37     10.5,0.0,0.0     1  40  5.45e-16  5.45e-16  0.4   1.59e-14  29.2          1   0         5.45e-16  0         y
8x1x1;1x1x1     0.37     12.5,0.0,0.0     1  34  9.49e-16  9.49e-16  0.6   9.56e-15  10.1          1   0         9.49e-16  0         y
8x1x1;1x1x1     0.37     20.5,0.0,0.0     1  22  6.79e-16  6.79e-16  0.5   2.92e-14  42.9          1   0         6.79e-16  0         y
8x1x1;1x1x1     0.37     36.5,0.0,0.0     1  18  1.31e-15  1.31e-15  0.8   4.97e-15  3.8           1   0         1.31e-15  0         y
16x1x1;1x1x1    0.37     9.5,0.0,0.0      2  -1  2.09e-15  2.09e-15  1.0   1.78e-14  8.5           2   1.18e-16  1.97e-15  1.18e-16  y
16x1x1;1x1x1    0.37     10.5,0.0,0.0     2  -1  7.67e-16  7.67e-16  0.5   1.55e-14  20.2          2   2.98e-16  4.69e-16  2.98e-16  y
16x1x1;1x1x1    0.37     11.5,0.0,0.0     2  -1  2.06e-16  4.21e-16  0.3   1.48e-14  71.9          2   2.80e-16  4.86e-16  2.80e-16  y
16x1x1;1x1x1    0.37     12.5,0.0,0.0     2  -1  2.46e-16  2.46e-16  0.0   9.89e-15  40.1          2   5.78e-17  2.46e-16  5.78e-17  y
16x1x1;1x1x1    0.37     14.5,0.0,0.0     2  -1  3.72e-16  3.72e-16  0.2   1.11e-14  29.9          2   1.11e-16  2.61e-16  1.11e-16  y
16x1x1;1x1x1    0.37     16.5,0.0,0.0     1  52  9.59e-16  9.59e-16  0.6   1.50e-14  15.6          1   0         9.59e-16  0         y
16x1x1;1x1x1    0.37     24.5,0.0,0.0     1  34  2.44e-15  2.44e-15  1.0   7.79e-15  3.2           1   0         2.44e-15  0         y
16x1x1;1x1x1    0.37     40.5,0.0,0.0     1  24  1.49e-15  1.49e-15  0.8   5.67e-15  3.8           1   0         1.49e-15  0         y
4x4x4;1x1x1     0.37     3.5,0.0,0.0      3  -1  5.71e-17  5.71e-17  -0.6  4.68e-15  82.0          3   3.39e-38  5.71e-17  4.25e-38  y
4x4x4;1x1x1     0.37     4.5,0.0,0.0      3  -1  6.47e-17  6.47e-17  -0.5  4.66e-15  72.0          3   4.58e-38  6.47e-17  6.87e-38  y
4x4x4;1x1x1     0.37     5.5,0.0,0.0      3  -1  1.83e-17  4.27e-17  -0.7  4.65e-15  254.3         3   2.58e-38  1.83e-17  3.87e-38  y
4x4x4;1x1x1     0.37     6.5,0.0,0.0      3  -1  1.23e-17  2.90e-17  -0.9  4.66e-15  377.9         3   4.04e-38  1.23e-17  8.09e-38  y
4x4x4;1x1x1     0.37     8.5,0.0,0.0      1  38  4.46e-16  6.98e-16  0.5   2.62e-14  58.7          1   0         4.46e-16  0         y
4x4x4;1x1x1     0.37     10.5,0.0,0.0     1  30  3.03e-16  8.78e-16  0.6   2.47e-14  81.3          1   0         3.03e-16  0         y
4x4x4;1x1x1     0.37     18.5,0.0,0.0     1  20  1.96e-16  4.18e-16  0.3   1.33e-14  67.9          1   0         1.96e-16  0         y
4x4x4;1x1x1     0.37     34.5,0.0,0.0     1  16  3.18e-16  3.18e-16  0.2   4.92e-15  15.5          1   0         3.18e-16  0         y
8x8x8;1x1x1     0.37     5.5,0.0,0.0      3  -1  8.74e-17  8.74e-17  -0.4  4.77e-15  54.6          3   0         8.74e-17  0         y
8x8x8;1x1x1     0.37     6.5,0.0,0.0      3  -1  5.04e-17  7.82e-17  -0.5  4.73e-15  93.8          3   8.04e-38  5.04e-17  1.47e-37  y
8x8x8;1x1x1     0.37     7.5,0.0,0.0      3  -1  1.90e-17  5.12e-17  -0.6  4.70e-15  247.4         3   1.99e-38  1.90e-17  4.80e-38  y
8x8x8;1x1x1     0.37     8.5,0.0,0.0      3  -1  3.69e-17  3.69e-17  -0.8  4.69e-15  127.2         3   4.86e-38  3.69e-17  9.71e-38  y
8x8x8;1x1x1     0.37     10.5,0.0,0.0     3  -1  8.50e-17  8.50e-17  -0.4  4.69e-15  55.2          3   5.50e-38  8.50e-17  1.17e-37  y
8x8x8;1x1x1     0.37     12.5,0.0,0.0     1  56  1.49e-15  1.65e-15  0.9   1.71e-14  11.5          1   0         1.49e-15  0         y
8x8x8;1x1x1     0.37     20.5,0.0,0.0     1  30  3.97e-16  3.97e-16  0.3   1.37e-14  34.6          1   0         3.97e-16  0         y
8x8x8;1x1x1     0.37     36.5,0.0,0.0     1  20  3.38e-16  3.38e-16  0.2   1.27e-14  37.6          1   0         3.38e-16  0         y
16x16x16;1x1x1  0.37     9.5,0.0,0.0      3  -1  3.51e-17  5.14e-17  -0.6  4.89e-15  139.4         3   3.05e-38  3.51e-17  4.26e-38  y
16x16x16;1x1x1  0.37     10.5,0.0,0.0     3  -1  3.94e-17  3.94e-17  -0.8  4.84e-15  122.6         3   3.08e-38  3.94e-17  5.51e-38  y
16x16x16;1x1x1  0.37     11.5,0.0,0.0     3  -1  1.20e-17  2.40e-17  -1.0  4.80e-15  401.5         3   1.75e-38  1.20e-17  3.50e-38  y
16x16x16;1x1x1  0.37     12.5,0.0,0.0     3  -1  9.57e-17  9.57e-17  -0.4  4.78e-15  50.0          3   8.22e-38  9.57e-17  1.51e-37  y
16x16x16;1x1x1  0.37     14.5,0.0,0.0     3  -1  3.58e-17  3.58e-17  -0.8  4.75e-15  132.7         3   2.59e-38  3.58e-17  4.85e-39  y
16x16x16;1x1x1  0.37     16.5,0.0,0.0     3  -1  7.66e-17  7.66e-17  -0.5  4.74e-15  61.9          3   4.70e-38  7.66e-17  9.41e-38  y
16x16x16;1x1x1  0.37     24.5,0.0,0.0     1  56  4.40e-16  6.36e-16  0.5   1.71e-14  39.0          1   0         4.40e-16  0         y
16x16x16;1x1x1  0.37     40.5,0.0,0.0     1  30  3.89e-16  3.89e-16  0.2   2.27e-14  58.4          1   0         3.89e-16  0         y
1x1x8;1x1x1     1.0      0.0,0.0,5.5      2  -1  1.44e-17  1.44e-17  -1.2  9.68e-15  673.4         2   1.17e-16  1.31e-16  1.17e-16  y
1x1x8;1x1x1     1.0      0.0,0.0,6.5      2  -1  2.84e-17  5.82e-17  -0.6  6.88e-15  242.6         2   7.26e-17  4.43e-17  7.26e-17  y
1x1x8;1x1x1     1.0      0.0,0.0,8.5      2  -1  1.24e-16  1.24e-16  -0.3  5.51e-15  44.5          2   2.11e-16  8.72e-17  2.11e-16  y
1x1x8;1x1x1     1.0      0.0,0.0,12.5     2  -1  6.83e-17  6.83e-17  -0.5  4.95e-15  72.4          2   9.89e-17  7.16e-17  9.89e-17  y
1x1x8;1x1x1     1.0      2.0,0.0,0.0      3  -1  5.87e-17  7.09e-17  -0.5  4.62e-15  78.8          3   1.25e-37  5.87e-17  1.87e-37  y
1x1x8;1x1x1     1.0      3.0,0.0,0.0      1  38  1.85e-16  4.81e-16  0.3   1.39e-14  75.5          1   0         1.85e-16  0         y
1x1x8;1x1x1     1.0      5.0,0.0,0.0      1  24  9.97e-16  9.97e-16  0.7   8.48e-15  8.5           1   0         9.97e-16  0         y
1x1x8;1x1x1     1.0      9.0,0.0,0.0      1  18  5.91e-16  8.72e-16  0.6   5.01e-15  8.5           1   0         5.91e-16  0         y
4x4x1;1x1x1     1.0      0.0,0.0,2.0      3  -1  9.02e-17  9.02e-17  -0.4  8.05e-13  8930.4        3   3.79e-37  9.02e-17  5.71e-37  y
4x4x1;1x1x1     1.0      0.0,0.0,3.0      3  -1  5.56e-17  5.56e-17  -0.6  2.46e-13  4424.2        3   1.95e-37  5.56e-17  3.90e-37  y
4x4x1;1x1x1     1.0      0.0,0.0,5.0      3  -1  2.27e-17  6.40e-17  -0.5  5.90e-14  2605.1        3   3.98e-37  2.27e-17  7.96e-37  y
4x4x1;1x1x1     1.0      0.0,0.0,9.0      3  -1  4.69e-17  4.69e-17  -0.7  1.49e-14  318.4         3   2.06e-37  4.69e-17  4.13e-37  y
4x4x1;1x1x1     1.0      3.5,0.0,0.0      3  -1  3.85e-17  7.11e-17  -0.5  4.62e-15  120.0         3   0         3.85e-17  1.01e-39  y
4x4x1;1x1x1     1.0      4.5,0.0,0.0      3  -1  6.64e-17  6.64e-17  -0.5  4.65e-15  70.1          3   0         6.64e-17  3.47e-38  y
4x4x1;1x1x1     1.0      6.5,0.0,0.0      1  50  2.81e-16  6.29e-16  0.5   2.45e-14  87.1          1   0         2.81e-16  0         y
4x4x1;1x1x1     1.0      10.5,0.0,0.0     1  30  4.09e-16  4.91e-16  0.3   2.28e-14  55.7          1   0         4.09e-16  0         y
2x1x1;1x1x1     1.0      2.5,0.0,0.0      2  -1  3.24e-15  3.24e-15  1.2   2.20e-14  6.8           2   4.79e-21  3.24e-15  4.79e-21  y
2x1x1;1x1x1     1.0      2.5,-2.0,0.0     1  56  1.40e-15  2.30e-15  1.0   2.50e-14  17.8          1   0         1.40e-15  0         y
2x1x1;1x1x1     1.0      2.5,2.0,0.0      1  56  1.40e-15  2.30e-15  1.0   2.50e-14  17.8          1   0         1.40e-15  0         y
2x1x1;1x1x1     1.0      3.5,0.0,0.0      1  48  2.35e-16  6.42e-16  0.5   1.56e-14  66.1          1   0         2.35e-16  0         y
2x1x1;1x1x1     1.0      4.5,0.0,0.0      1  34  4.88e-16  4.88e-16  0.3   1.95e-14  39.8          1   0         4.88e-16  0         y
2x1x1;1x1x1     1.0      3.5,3.0,0.0      1  34  9.72e-16  9.72e-16  0.6   1.52e-14  15.6          1   0         9.72e-16  0         y
2x1x1;1x1x1     1.0      5.5,0.0,0.0      1  28  7.25e-16  7.71e-16  0.5   1.81e-14  24.9          1   0         7.25e-16  0         y
2x1x1;1x1x1     1.0      6.5,0.0,0.0      1  24  6.78e-16  6.78e-16  0.5   2.89e-14  42.6          1   0         6.78e-16  0         y
2x1x1;1x1x1     1.0      5.5,5.0,0.0      1  22  2.96e-16  2.96e-16  0.1   3.49e-14  117.9         1   0         2.96e-16  0         y
2x1x1;1x1x1     1.0      7.5,0.0,0.0      1  22  8.93e-16  8.93e-16  0.6   2.01e-14  22.5          1   0         8.93e-16  0         y
2x1x1;1x1x1     1.0      8.5,0.0,0.0      1  20  2.72e-16  4.17e-16  0.3   3.03e-14  111.3         1   0         2.72e-16  0         y
2x1x1;1x1x1     1.0      9.5,0.0,0.0      1  20  3.66e-16  5.03e-16  0.4   7.53e-15  20.5          1   0         3.66e-16  0         y
2x1x1;1x1x1     1.0      9.5,9.0,0.0      1  16  4.05e-16  5.21e-16  0.4   2.67e-14  65.8          1   0         4.05e-16  0         y
2x1x1;1x1x1     1.0      16.5,0.0,0.0     1  16  4.69e-16  5.65e-16  0.4   5.06e-15  10.8          1   0         4.69e-16  0         y
2x1x1;1x1x1     1.0      17.5,0.0,0.0     1  16  6.21e-16  6.21e-16  0.4   4.69e-15  7.6           1   0         6.21e-16  0         y
2x1x1;1x1x1     1.0      17.5,17.0,0.0    1  14  2.86e-16  5.22e-16  0.4   4.85e-15  17.0          1   0         2.86e-16  0         y
2x1x1;1x1x1     1.0      33.5,0.0,0.0     1  12  2.64e-16  2.64e-16  0.1   8.40e-15  31.8          1   0         2.64e-16  0         y
3x1x1;1x1x1     1.0      3.0,0.0,0.0      2  -1  2.98e-15  2.98e-15  1.1   2.05e-14  6.9           2   5.69e-17  2.98e-15  5.69e-17  y
2x2x1;1x1x1     1.0      2.5,0.0,0.0      3  -1  4.44e-17  4.80e-17  -0.7  4.64e-15  104.6         3   0         4.44e-17  0         y
2x2x1;1x1x1     1.0      2.5,0.5,0.0      2  -1  1.53e-15  1.53e-15  0.8   2.03e-14  13.3          2   1.58e-16  1.69e-15  1.58e-16  y
2x2x1;1x1x1     1.0      3.5,0.0,0.0      3  -1  1.07e-17  3.10e-17  -0.9  4.66e-15  435.7         3   9.85e-39  1.07e-17  1.48e-38  y
2x2x1;1x1x1     1.0      2.5,2.5,0.0      2  -1  2.62e-16  4.72e-16  0.3   3.10e-14  118.2         2   6.97e-17  3.04e-16  6.97e-17  y
2x2x1;1x1x1     1.0      3.5,0.5,0.0      2  -1  2.96e-16  9.01e-16  0.6   1.45e-14  48.9          2   2.45e-17  2.96e-16  4.90e-17  y
2x2x1;1x1x1     1.0      4.5,0.0,0.0      1  40  2.46e-16  2.46e-16  0.0   1.46e-14  59.5          1   0         2.46e-16  0         y
2x2x1;1x1x1     1.0      4.5,0.5,0.0      1  40  1.30e-15  1.30e-15  0.8   1.25e-14  9.6           1   0         1.30e-15  0         y
2x2x1;1x1x1     1.0      3.5,3.5,0.0      1  36  4.39e-16  6.99e-16  0.5   1.49e-14  34.0          1   0         4.39e-16  0         y
2x2x1;1x1x1     1.0      5.5,0.0,0.0      1  32  5.32e-16  1.11e-15  0.7   1.17e-14  22.0          1   0         5.32e-16  0         y
2x2x1;1x1x1     1.0      5.5,0.5,0.0      1  32  5.67e-16  7.34e-16  0.5   1.09e-14  19.2          1   0         5.67e-16  0         y
2x2x1;1x1x1     1.0      7.5,0.0,0.0      1  24  4.68e-16  8.59e-16  0.6   1.69e-14  36.2          1   0         4.68e-16  0         y
2x2x1;1x1x1     1.0      7.5,0.5,0.0      1  24  4.20e-16  1.94e-15  0.9   1.64e-14  39.0          1   0         4.20e-16  0         y
2x2x1;1x1x1     1.0      5.5,5.5,0.0      1  24  1.94e-16  2.45e-16  0.0   1.29e-14  66.5          1   0         1.94e-16  0         y
2x2x1;1x1x1     1.0      9.5,0.0,0.0      1  20  9.46e-16  9.46e-16  0.6   3.00e-14  31.7          1   0         9.46e-16  0         y
2x2x1;1x1x1     1.0      9.5,0.5,0.0      1  20  3.19e-16  3.22e-15  1.2   2.94e-14  92.1          1   0         3.19e-16  0         y
2x2x1;1x1x1     1.0      9.5,9.5,0.0      1  18  4.70e-16  6.92e-16  0.5   5.95e-15  12.7          1   0         4.70e-16  0         y
2x2x1;1x1x1     1.0      17.5,0.0,0.0     1  16  6.60e-16  6.60e-16  0.5   5.66e-15  8.6           1   0         6.60e-16  0         y
2x2x1;1x1x1     1.0      17.5,0.5,0.0     1  16  4.33e-16  4.34e-16  0.3   5.65e-15  13.0          1   0         4.33e-16  0         y
2x2x1;1x1x1     1.0      17.5,17.5,0.0    1  14  3.01e-16  5.55e-16  0.4   5.73e-15  19.1          1   0         3.01e-16  0         y
2x2x1;1x1x1     1.0      33.5,0.0,0.0     1  12  4.99e-16  4.99e-16  0.4   1.62e-14  32.4          1   0         4.99e-16  0         y
2x2x1;1x1x1     1.0      33.5,0.5,0.0     1  12  2.50e-16  2.50e-16  0.1   1.62e-14  64.6          1   0         2.50e-16  0         y
4x1x1;1x1x1     1.0      3.5,0.0,0.0      2  -1  2.92e-15  2.92e-15  1.1   1.99e-14  6.8           2   2.14e-16  2.71e-15  2.14e-16  y
4x1x1;1x1x1     1.0      3.5,2.0,0.0      2  -1  3.48e-16  4.39e-16  0.3   3.17e-14  91.3          2   8.95e-17  4.33e-16  8.95e-17  y
4x1x1;1x1x1     1.0      4.5,0.0,0.0      2  -1  3.78e-16  1.04e-15  0.7   1.48e-14  39.0          2   1.36e-16  3.78e-16  1.36e-16  y
4x1x1;1x1x1     1.0      4.5,3.0,0.0      1  46  6.44e-16  1.07e-15  0.7   1.96e-14  30.5          1   0         6.44e-16  0         y
4x1x1;1x1x1     1.0      5.5,0.0,0.0      1  44  9.27e-16  9.28e-16  0.6   2.14e-14  23.1          1   0         9.27e-16  0         y
4x1x1;1x1x1     1.0      6.5,0.0,0.0      1  36  1.21e-15  1.21e-15  0.7   2.08e-14  17.1          1   0         1.21e-15  0         y
4x1x1;1x1x1     1.0      6.5,5.0,0.0      1  30  6.21e-16  6.21e-16  0.4   1.14e-14  18.4          1   0         6.21e-16  0         y
4x1x1;1x1x1     1.0      8.5,0.0,0.0      1  28  6.36e-16  7.51e-16  0.5   2.01e-14  31.5          1   0         6.36e-16  0         y
4x1x1;1x1x1     1.0      10.5,0.0,0.0     1  24  4.22e-16  4.22e-16  0.3   1.81e-14  42.9          1   0         4.22e-16  0         y
4x1x1;1x1x1     1.0      12.5,0.0,0.0     1  22  7.76e-16  7.76e-16  0.5   1.02e-14  13.2          1   0         7.76e-16  0         y
4x1x1;1x1x1     1.0      10.5,9.0,0.0     1  20  2.66e-16  3.71e-16  0.2   2.25e-14  84.8          1   0         2.66e-16  0         y
4x1x1;1x1x1     1.0      16.5,0.0,0.0     1  20  3.71e-16  3.71e-16  0.2   5.03e-15  13.6          1   0         3.71e-16  0         y
4x1x1;1x1x1     1.0      18.5,0.0,0.0     1  18  2.46e-16  4.12e-16  0.3   7.85e-15  31.9          1   0         2.46e-16  0         y
4x1x1;1x1x1     1.0      18.5,17.0,0.0    1  16  3.19e-16  5.15e-16  0.4   6.54e-15  20.5          1   0         3.19e-16  0         y
4x1x1;1x1x1     1.0      32.5,0.0,0.0     1  14  1.33e-15  1.33e-15  0.8   1.46e-14  11.0          1   0         1.33e-15  0         y
4x1x1;1x1x1     1.0      34.5,0.0,0.0     1  14  4.37e-16  6.24e-16  0.4   9.79e-15  22.4          1   0         4.37e-16  0         y
2x2x2;1x1x1     1.0      2.5,0.0,0.0      3  -1  5.22e-17  5.22e-17  -0.6  4.67e-15  89.5          3   1.75e-38  5.22e-17  3.50e-38  y
2x2x2;1x1x1     1.0      2.5,0.5,0.0      3  -1  5.54e-17  8.65e-17  -0.4  4.68e-15  84.5          3   9.56e-39  5.54e-17  9.56e-39  y
2x2x2;1x1x1     1.0      2.5,0.5,0.5      2  -1  8.18e-16  9.28e-16  0.6   2.02e-14  24.7          2   1.97e-16  1.02e-15  1.97e-16  y
2x2x2;1x1x1     1.0      3.5,0.0,0.0      3  -1  6.79e-17  7.07e-17  -0.5  4.68e-15  68.8          3   1.05e-38  6.79e-17  2.10e-38  y
2x2x2;1x1x1     1.0      2.5,2.5,0.0      3  -1  1.23e-17  1.77e-17  -1.1  4.78e-15  387.8         3   4.68e-38  1.23e-17  7.80e-38  y
2x2x2;1x1x1     1.0      3.5,0.5,0.0      3  -1  1.35e-17  5.23e-17  -0.6  4.68e-15  347.5         3   2.20e-38  1.35e-17  2.20e-38  y
2x2x2;1x1x1     1.0      2.5,2.5,0.5      2  -1  2.14e-16  4.33e-16  0.3   2.72e-14  127.4         2   1.54e-16  2.13e-16  1.54e-16  y
2x2x2;1x1x1     1.0      3.5,0.5,0.5      2  -1  2.61e-16  7.56e-16  0.5   1.49e-14  57.0          2   1.10e-16  2.07e-16  2.20e-16  y
2x2x2;1x1x1     1.0      4.5,0.0,0.0      1  46  4.88e-16  8.96e-16  0.6   1.16e-14  23.7          1   0         4.88e-16  0         y
2x2x2;1x1x1     1.0      4.5,0.5,0.0      1  44  4.92e-16  1.48e-15  0.8   2.40e-14  48.8          1   0         4.92e-16  0         y
2x2x2;1x1x1     1.0      4.5,0.5,0.5      1  44  6.59e-16  9.10e-16  0.6   1.96e-14  29.7          1   0         6.59e-16  0         y
2x2x2;1x1x1     1.0      3.5,3.5,0.0      1  40  3.36e-16  6.17e-16  0.4   1.55e-14  46.1          1   0         3.36e-16  0         y
2x2x2;1x1x1     1.0      3.5,3.5,0.5      1  40  6.30e-16  7.52e-16  0.5   1.35e-14  21.5          1   0         6.30e-16  0         y
2x2x2;1x1x1     1.0      5.5,0.0,0.0      1  34  9.28e-16  1.10e-15  0.7   2.20e-14  23.7          1   0         9.28e-16  0         y
2x2x2;1x1x1     1.0      5.5,0.5,0.0      1  34  1.28e-15  1.28e-15  0.8   1.99e-14  15.5          1   0         1.28e-15  0         y
2x2x2;1x1x1     1.0      5.5,0.5,0.5      1  34  5.01e-16  4.71e-15  1.3   1.80e-14  36.0          1   0         5.01e-16  0         y
2x2x2;1x1x1     1.0      6.5,0.0,0.0      1  30  6.78e-16  6.78e-16  0.5   8.39e-15  12.4          1   0         6.78e-16  0         y
2x2x2;1x1x1     1.0      7.5,0.0,0.0      1  26  1.30e-16  2.46e-16  0.0   1.13e-14  87.2          1   0         1.30e-16  0         y
2x2x2;1x1x1     1.0      7.5,0.5,0.0      1  26  3.57e-16  3.57e-16  0.2   1.10e-14  30.8          1   0         3.57e-16  0         y
2x2x2;1x1x1     1.0      7.5,0.5,0.5      1  26  3.13e-16  2.43e-15  1.0   1.07e-14  34.1          1   0         3.13e-16  0         y
2x2x2;1x1x1     1.0      5.5,5.5,0.0      1  26  1.61e-16  1.84e-16  -0.1  8.75e-15  54.3          1   0         1.61e-16  0         y
2x2x2;1x1x1     1.0      5.5,5.5,0.5      1  26  1.98e-16  2.26e-16  0.0   8.54e-15  43.1          1   0         1.98e-16  0         y
2x2x2;1x1x1     1.0      8.5,0.0,0.0      1  24  2.09e-16  3.32e-16  0.2   8.62e-15  41.3          1   0         2.09e-16  0         y
2x2x2;1x1x1     1.0      9.5,0.0,0.0      1  22  2.69e-16  3.67e-16  0.2   1.03e-14  38.3          1   0         2.69e-16  0         y
2x2x2;1x1x1     1.0      9.5,0.5,0.0      1  22  2.57e-16  3.49e-16  0.2   1.02e-14  39.5          1   0         2.57e-16  0         y
2x2x2;1x1x1     1.0      9.5,0.5,0.5      1  22  4.75e-16  1.46e-15  0.8   1.00e-14  21.1          1   0         4.75e-16  0         y
2x2x2;1x1x1     1.0      9.5,9.5,0.0      1  18  6.05e-16  6.05e-16  0.4   9.98e-15  16.5          1   0         6.05e-16  0         y
2x2x2;1x1x1     1.0      9.5,9.5,0.5      1  18  6.44e-16  6.44e-16  0.5   9.92e-15  15.4          1   0         6.44e-16  0         y
2x2x2;1x1x1     1.0      16.5,0.0,0.0     1  16  3.09e-16  3.09e-16  0.1   1.37e-14  44.2          1   0         3.09e-16  0         y
2x2x2;1x1x1     1.0      17.5,0.0,0.0     1  16  5.30e-16  5.30e-16  0.4   8.24e-15  15.6          1   0         5.30e-16  0         y
2x2x2;1x1x1     1.0      17.5,0.5,0.0     1  16  3.50e-16  3.97e-16  0.3   8.21e-15  23.5          1   0         3.50e-16  0         y
2x2x2;1x1x1     1.0      17.5,0.5,0.5     1  16  6.27e-16  9.23e-16  0.6   8.19e-15  13.1          1   0         6.27e-16  0         y
2x2x2;1x1x1     1.0      17.5,17.5,0.0    1  14  2.97e-16  5.45e-16  0.4   7.89e-15  26.5          1   0         2.97e-16  0         y
2x2x2;1x1x1     1.0      17.5,17.5,0.5    1  14  1.86e-16  1.86e-16  -0.1  7.88e-15  42.3          1   0         1.86e-16  0         y
2x2x2;1x1x1     1.0      33.5,0.0,0.0     1  14  4.76e-16  7.82e-16  0.5   4.55e-15  9.6           1   0         4.76e-16  0         y
2x2x2;1x1x1     1.0      33.5,0.5,0.0     1  14  2.48e-16  5.04e-16  0.4   4.55e-15  18.3          1   0         2.48e-16  0         y
2x2x2;1x1x1     1.0      33.5,0.5,0.5     1  14  5.73e-16  5.92e-16  0.4   4.55e-15  7.9           1   0         5.73e-16  0         y
8x1x1;1x1x1     1.0      5.5,0.0,0.0      2  -1  2.55e-15  2.55e-15  1.1   1.96e-14  7.7           2   5.08e-17  2.55e-15  5.08e-17  y
8x1x1;1x1x1     1.0      5.5,2.0,0.0      2  -1  4.56e-16  4.85e-16  0.3   3.07e-14  67.4          2   1.78e-16  3.44e-16  1.78e-16  y
8x1x1;1x1x1     1.0      6.5,0.0,0.0      2  -1  3.08e-16  7.78e-16  0.5   1.52e-14  49.4          2   1.18e-16  3.08e-16  1.18e-16  y
8x1x1;1x1x1     1.0      6.5,3.0,0.0      2  -1  3.69e-16  3.87e-16  0.2   1.75e-14  47.4          2   1.95e-16  3.69e-16  1.95e-16  y
8x1x1;1x1x1     1.0      7.5,0.0,0.0      2  -1  2.93e-16  5.23e-16  0.4   1.14e-14  38.8          2   5.26e-17  2.93e-16  5.26e-17  y
8x1x1;1x1x1     1.0      8.5,0.0,0.0      1  54  1.18e-15  1.18e-15  0.7   1.94e-14  16.5          1   0         1.18e-15  0         y
8x1x1;1x1x1     1.0      8.5,5.0,0.0      1  44  8.49e-16  9.70e-16  0.6   2.47e-14  29.1          1   0         8.49e-16  0         y
8x1x1;1x1x1     1.0      10.5,0.0,0.0     1  42  8.78e-16  1.19e-15  0.7   9.28e-15  10.6          1   0         8.78e-16  0         y
8x1x1;1x1x1     1.0      12.5,0.0,0.0     1  34  3.13e-16  3.13e-16  0.1   1.77e-14  56.7          1   0         3.13e-16  0         y
8x1x1;1x1x1     1.0      12.5,9.0,0.0     1  28  4.73e-16  7.34e-16  0.5   2.26e-14  47.9          1   0         4.73e-16  0         y
8x1x1;1x1x1     1.0      20.5,0.0,0.0     1  24  9.54e-16  9.54e-16  0.6   7.93e-15  8.3           1   0         9.54e-16  0         y
8x1x1;1x1x1     1.0      20.5,17.0,0.0    1  20  3.23e-16  4.11e-16  0.3   1.68e-14  52.0          1   0         3.23e-16  0         y
8x1x1;1x1x1     1.0      36.5,0.0,0.0     1  18  4.56e-16  1.59e-15  0.9   8.41e-15  18.4          1   0         4.56e-16  0         y
4x4x1;1x1x1     1.0      3.5,0.0,0.0      3  -1  6.83e-17  8.04e-17  -0.4  4.64e-15  67.9          3   8.82e-39  6.83e-17  1.43e-38  y
4x4x1;1x1x1     1.0      3.5,1.5,0.0      2  -1  1.17e-15  1.17e-15  0.7   2.23e-14  19.0          2   5.60e-17  1.17e-15  2.19e-16  y
4x4x1;1x1x1     1.0      4.5,0.0,0.0      3  -1  3.77e-17  3.77e-17  -0.8  4.66e-15  123.6         3   8.99e-39  3.77e-17  1.91e-38  y
4x4x1;1x1x1     1.0      4.5,1.5,0.0      2  -1  1.77e-16  7.07e-16  0.5   1.58e-14  89.2          2   2.11e-16  2.10e-16  2.11e-16  y
4x4x1;1x1x1     1.0      3.5,3.5,0.0      2  -1  8.78e-17  1.48e-16  -0.2  2.51e-14  286.2         2   1.61e-16  2.49e-16  1.61e-16  y
4x4x1;1x1x1     1.0      5.5,0.0,0.0      3  -1  5.33e-17  6.45e-17  -0.5  4.68e-15  87.8          3   1.54e-38  5.33e-17  3.08e-38  y
4x4x1;1x1x1     1.0      5.5,1.5,0.0      2  -1  1.26e-16  2.89e-16  0.1   1.25e-14  98.8          2   1.35e-16  1.44e-16  1.35e-16  y
4x4x1;1x1x1     1.0      4.5,4.5,0.0      1  50  1.20e-15  1.20e-15  0.7   2.31e-14  19.3          1   0         1.20e-15  0         y
4x4x1;1x1x1     1.0      6.5,0.0,0.0      1  48  2.42e-16  5.43e-16  0.4   1.94e-14  79.9          1   0         2.42e-16  0         y
4x4x1;1x1x1     1.0      6.5,1.5,0.0      1  46  1.00e-15  1.00e-15  0.7   2.16e-14  21.5          1   0         1.00e-15  0         y
4x4x1;1x1x1     1.0      8.5,0.0,0.0      1  34  3.21e-16  3.21e-16  0.2   1.93e-14  60.2          1   0         3.21e-16  0         y
4x4x1;1x1x1     1.0      8.5,1.5,0.0      1  34  8.08e-16  1.31e-15  0.8   1.37e-14  16.9          1   0         8.08e-16  0         y
4x4x1;1x1x1     1.0      6.5,6.5,0.0      1  32  3.81e-16  4.03e-16  0.3   1.61e-14  42.4          1   0         3.81e-16  0         y
4x4x1;1x1x1     1.0      10.5,0.0,0.0     1  28  9.48e-16  1.15e-15  0.7   1.69e-14  17.9          1   0         9.48e-16  0         y
4x4x1;1x1x1     1.0      10.5,1.5,0.0     1  28  5.55e-16  6.12e-16  0.4   1.42e-14  25.5          1   0         5.55e-16  0         y
4x4x1;1x1x1     1.0      10.5,10.5,0.0    1  22  2.27e-16  3.53e-16  0.2   1.21e-14  53.3          1   0         2.27e-16  0         y
4x4x1;1x1x1     1.0      18.5,0.0,0.0     1  20  4.70e-16  4.72e-16  0.3   6.79e-15  14.5          1   0         4.70e-16  0         y
4x4x1;1x1x1     1.0      18.5,1.5,0.0     1  20  9.51e-16  9.51e-16  0.6   6.65e-15  7.0           1   0         9.51e-16  0         y
4x4x1;1x1x1     1.0      18.5,18.5,0.0    1  16  2.47e-16  2.55e-16  0.1   2.21e-14  89.3          1   0         2.47e-16  0         y
4x4x1;1x1x1     1.0      34.5,0.0,0.0     1  16  5.60e-16  5.60e-16  0.4   4.91e-15  8.8           1   0         5.60e-16  0         y
4x4x1;1x1x1     1.0      34.5,1.5,0.0     1  16  7.21e-16  9.13e-16  0.6   4.91e-15  6.8           1   0         7.21e-16  0         y
16x1x1;1x1x1    1.0      9.5,0.0,0.0      2  -1  2.70e-15  2.70e-15  1.1   1.97e-14  7.3           2   1.94e-16  2.50e-15  1.94e-16  y
16x1x1;1x1x1    1.0      9.5,2.0,0.0      2  -1  6.77e-16  6.93e-16  0.5   3.09e-14  45.6          2   3.19e-16  3.71e-16  3.19e-16  y
16x1x1;1x1x1    1.0      10.5,0.0,0.0     2  -1  3.57e-16  7.45e-16  0.5   1.53e-14  43.0          2   1.18e-16  3.55e-16  1.18e-16  y
16x1x1;1x1x1    1.0      10.5,3.0,0.0     2  -1  4.93e-16  5.43e-16  0.4   1.78e-14  36.0          2   3.46e-16  3.39e-16  3.46e-16  y
16x1x1;1x1x1    1.0      11.5,0.0,0.0     2  -1  2.41e-16  4.31e-16  0.3   1.17e-14  48.7          2   1.13e-16  2.89e-16  1.13e-16  y
16x1x1;1x1x1    1.0      12.5,0.0,0.0     2  -1  2.01e-16  3.03e-16  0.1   1.35e-14  67.1          2   1.16e-16  1.98e-16  1.16e-16  y
16x1x1;1x1x1    1.0      12.5,5.0,0.0     2  -1  1.27e-16  2.19e-16  -0.0  1.19e-14  93.4          2   1.28e-16  8.49e-17  1.28e-16  y
16x1x1;1x1x1    1.0      14.5,0.0,0.0     2  -1  1.24e-16  1.38e-16  -0.2  1.63e-14  131.3         2   1.43e-16  1.86e-16  1.43e-16  y
16x1x1;1x1x1    1.0      16.5,0.0,0.0     1  54  4.44e-16  5.07e-16  0.4   1.67e-14  37.5          1   0         4.44e-16  0         y
16x1x1;1x1x1    1.0      16.5,9.0,0.0     1  46  6.26e-16  1.01e-15  0.7   1.09e-14  17.5          1   0         6.26e-16  0         y
16x1x1;1x1x1    1.0      24.5,0.0,0.0     1  34  7.06e-16  1.46e-15  0.8   2.24e-14  31.7          1   0         7.06e-16  0         y
16x1x1;1x1x1    1.0      24.5,17.0,0.0    1  30  4.33e-16  8.34e-16  0.6   9.45e-15  21.8          1   0         4.33e-16  0         y
16x1x1;1x1x1    1.0      32.5,0.0,0.0     1  28  1.53e-15  1.53e-15  0.8   1.28e-14  8.4           1   0         1.53e-15  0         y
16x1x1;1x1x1    1.0      40.5,0.0,0.0     1  24  3.37e-16  1.01e-15  0.7   2.59e-14  77.1          1   0         3.37e-16  0         y
16x1x1;1x1x1    1.0      48.5,0.0,0.0     1  24  1.48e-15  1.48e-15  0.8   5.17e-15  3.5           1   0         1.48e-15  0         y
16x1x1;1x1x1    1.0      64.5,0.0,0.0     1  20  5.73e-16  9.66e-16  0.6   1.82e-14  31.7          1   0         5.73e-16  0         y
16x1x1;1x1x1    1.0      128.5,0.0,0.0    1  18  1.57e-15  2.09e-15  1.0   5.75e-15  3.7           1   0         1.57e-15  0         y
4x4x4;1x1x1     1.0      3.5,0.0,0.0      3  -1  2.07e-17  6.26e-17  -0.6  4.73e-15  228.5         3   2.78e-38  2.07e-17  5.25e-38  y
4x4x4;1x1x1     1.0      3.5,1.5,0.0      3  -1  2.53e-17  5.06e-17  -0.6  4.75e-15  187.9         3   1.69e-38  2.53e-17  1.88e-38  y
4x4x4;1x1x1     1.0      3.5,1.5,-1.5     2  -1  4.59e-16  5.83e-16  0.4   2.55e-14  55.6          2   4.10e-16  8.70e-16  4.10e-16  y
4x4x4;1x1x1     1.0      3.5,1.5,1.5      2  -1  8.70e-16  8.70e-16  0.6   2.55e-14  29.3          2   4.11e-16  4.61e-16  4.11e-16  y
4x4x4;1x1x1     1.0      4.5,0.0,0.0      3  -1  9.67e-17  9.67e-17  -0.4  4.71e-15  48.7          3   1.56e-38  9.67e-17  2.25e-38  y
4x4x4;1x1x1     1.0      4.5,1.5,0.0      3  -1  1.55e-17  5.33e-17  -0.6  4.73e-15  305.8         3   2.04e-38  1.55e-17  2.45e-38  y
4x4x4;1x1x1     1.0      3.5,3.5,0.0      3  -1  4.19e-17  8.20e-17  -0.4  4.83e-15  115.2         3   4.17e-38  4.19e-17  5.29e-38  y
4x4x4;1x1x1     1.0      4.5,1.5,1.5      2  -1  2.39e-16  5.81e-16  0.4   1.84e-14  76.7          2   2.35e-16  9.82e-17  2.35e-16  y
4x4x4;1x1x1     1.0      3.5,3.5,1.5      2  -1  2.61e-16  4.47e-16  0.3   2.55e-14  97.7          2   2.22e-16  9.43e-17  4.44e-16  y
4x4x4;1x1x1     1.0      5.5,0.0,0.0      3  -1  7.22e-17  7.22e-17  -0.5  4.71e-15  65.2          3   0         7.22e-17  1.63e-39  y
4x4x4;1x1x1     1.0      5.5,1.5,0.0      3  -1  2.06e-17  5.78e-17  -0.6  4.73e-15  229.8         3   3.21e-38  2.06e-17  4.06e-38  y
4x4x4;1x1x1     1.0      5.5,1.5,1.5      2  -1  1.47e-16  3.66e-16  0.2   1.45e-14  98.6          2   1.76e-16  1.65e-16  2.22e-16  y
4x4x4;1x1x1     1.0      4.5,4.5,0.0      3  -1  5.47e-17  5.47e-17  -0.6  4.86e-15  88.9          3   9.62e-38  5.47e-17  1.74e-37  y
4x4x4;1x1x1     1.0      6.5,0.0,0.0      3  -1  2.81e-17  6.39e-17  -0.5  4.71e-15  167.6         3   2.72e-38  2.81e-17  4.64e-38  y
4x4x4;1x1x1     1.0      4.5,4.5,1.5      2  -1  3.04e-16  4.27e-16  0.3   2.10e-14  68.9          2   4.11e-16  2.22e-16  4.11e-16  y
4x4x4;1x1x1     1.0      6.5,1.5,0.0      3  -1  4.11e-17  7.06e-17  -0.5  4.73e-15  115.0         3   2.87e-38  4.11e-17  2.87e-38  y
4x4x4;1x1x1     1.0      6.5,1.5,1.5      1  54  5.12e-16  1.13e-15  0.7   3.39e-14  66.1          1   0         5.12e-16  0         y
4x4x4;1x1x1     1.0      8.5,0.0,0.0      1  40  1.10e-15  1.10e-15  0.7   1.26e-14  11.5          1   0         1.10e-15  0         y
4x4x4;1x1x1     1.0      8.5,1.5,0.0      1  38  5.50e-16  1.34e-15  0.8   2.65e-14  48.2          1   0         5.50e-16  0         y
4x4x4;1x1x1     1.0      8.5,1.5,1.5      1  38  4.17e-16  1.33e-15  0.8   1.74e-14  41.8          1   0         4.17e-16  0         y
4x4x4;1x1x1     1.0      6.5,6.5,0.0      1  36  4.04e-16  4.04e-16  0.3   2.02e-14  50.0          1   0         4.04e-16  0         y
4x4x4;1x1x1     1.0      6.5,6.5,1.5      1  36  2.37e-16  1.11e-15  0.7   1.45e-14  61.0          1   0         2.37e-16  0         y
4x4x4;1x1x1     1.0      10.5,0.0,0.0     1  32  8.18e-16  9.73e-16  0.6   9.88e-15  12.1          1   0         8.18e-16  0         y
4x4x4;1x1x1     1.0      10.5,1.5,0.0     1  32  5.66e-16  6.50e-16  0.5   8.50e-15  15.0          1   0         5.66e-16  0         y
4x4x4;1x1x1     1.0      10.5,1.5,1.5     1  30  3.10e-16  1.21e-15  0.7   2.81e-14  90.7          1   0         3.10e-16  0         y
4x4x4;1x1x1     1.0      12.5,0.0,0.0     1  26  3.96e-16  4.18e-16  0.3   3.36e-14  84.7          1   0         3.96e-16  0         y
4x4x4;1x1x1     1.0      10.5,10.5,0.0    1  24  7.14e-16  7.14e-16  0.5   9.86e-15  13.8          1   0         7.14e-16  0         y
4x4x4;1x1x1     1.0      10.5,10.5,1.5    1  24  4.19e-16  5.28e-16  0.4   9.30e-15  22.2          1   0         4.19e-16  0         y
4x4x4;1x1x1     1.0      16.5,0.0,0.0     1  22  2.16e-16  2.16e-16  -0.0  1.36e-14  62.6          1   0         2.16e-16  0         y
4x4x4;1x1x1     1.0      18.5,0.0,0.0     1  20  2.72e-16  4.60e-16  0.3   2.52e-14  92.6          1   0         2.72e-16  0         y
4x4x4;1x1x1     1.0      18.5,1.5,0.0     1  20  7.93e-16  7.98e-16  0.6   2.40e-14  30.2          1   0         7.93e-16  0         y
4x4x4;1x1x1     1.0      18.5,1.5,1.5     1  20  7.44e-16  2.11e-15  1.0   2.29e-14  30.8          1   0         7.44e-16  0         y
4x4x4;1x1x1     1.0      18.5,18.5,0.0    1  18  2.18e-16  4.03e-16  0.3   6.36e-15  29.2          1   0         2.18e-16  0         y
4x4x4;1x1x1     1.0      18.5,18.5,1.5    1  18  1.75e-16  1.78e-16  -0.1  6.32e-15  36.0          1   0         1.75e-16  0         y
4x4x4;1x1x1     1.0      32.5,0.0,0.0     1  16  1.48e-15  1.48e-15  0.8   1.01e-14  6.8           1   0         1.48e-15  0         y
4x4x4;1x1x1     1.0      34.5,0.0,0.0     1  16  3.14e-16  5.91e-16  0.4   7.08e-15  22.6          1   0         3.14e-16  0         y
4x4x4;1x1x1     1.0      34.5,1.5,0.0     1  16  1.28e-15  1.29e-15  0.8   7.05e-15  5.5           1   0         1.28e-15  0         y
4x4x4;1x1x1     1.0      34.5,1.5,1.5     1  16  4.11e-16  6.76e-16  0.5   7.02e-15  17.1          1   0         4.11e-16  0         y
8x8x1;1x1x1     1.0      5.5,0.0,0.0      3  -1  5.73e-17  5.73e-17  -0.6  4.64e-15  80.9          3   6.44e-39  5.73e-17  1.21e-38  y
8x8x1;1x1x1     1.0      6.5,0.0,0.0      3  -1  2.32e-17  7.40e-17  -0.5  4.67e-15  201.2         3   0         2.32e-17  4.04e-39  y
8x8x1;1x1x1     1.0      5.5,3.5,0.0      2  -1  1.12e-15  1.12e-15  0.7   2.25e-14  20.0          2   5.40e-16  7.55e-16  5.40e-16  y
8x8x1;1x1x1     1.0      6.5,3.5,0.0      2  -1  6.39e-16  6.39e-16  0.5   1.72e-14  26.9          2   3.79e-16  2.93e-16  5.08e-16  y
8x8x1;1x1x1     1.0      7.5,0.0,0.0      3  -1  3.59e-17  6.43e-17  -0.5  4.69e-15  130.7         3   7.95e-39  3.59e-17  1.19e-38  y
8x8x1;1x1x1     1.0      5.5,5.5,0.0      2  -1  1.43e-16  1.75e-16  -0.1  2.31e-14  161.8         2   1.44e-16  1.44e-16  4.09e-16  y
8x8x1;1x1x1     1.0      7.5,3.5,0.0      2  -1  2.14e-16  3.02e-16  0.1   1.44e-14  67.1          2   3.23e-16  1.75e-16  3.27e-16  y
8x8x1;1x1x1     1.0      8.5,0.0,0.0      3  -1  3.87e-17  6.11e-17  -0.6  4.71e-15  121.7         3   1.55e-38  3.87e-17  2.19e-38  y
8x8x1;1x1x1     1.0      6.5,6.5,0.0      2  -1  3.14e-16  3.14e-16  0.2   1.74e-14  55.6          2   5.30e-16  2.29e-16  5.30e-16  y
8x8x1;1x1x1     1.0      8.5,3.5,0.0      2  -1  2.55e-16  2.55e-16  0.1   1.44e-14  56.6          2   3.54e-16  3.03e-16  3.54e-16  y
8x8x1;1x1x1     1.0      10.5,0.0,0.0     3  -1  4.99e-17  5.71e-17  -0.6  4.74e-15  95.0          3   2.29e-38  4.99e-17  4.15e-38  y
8x8x1;1x1x1     1.0      10.5,3.5,0.0     1  54  1.08e-15  1.08e-15  0.7   2.77e-14  25.7          1   0         1.08e-15  0         y
8x8x1;1x1x1     1.0      8.5,8.5,0.0      1  48  9.94e-16  1.33e-15  0.8   1.91e-14  19.2          1   0         9.94e-16  0         y
8x8x1;1x1x1     1.0      12.5,0.0,0.0     1  46  6.19e-16  6.41e-16  0.5   1.37e-14  22.1          1   0         6.19e-16  0         y
8x8x1;1x1x1     1.0      12.5,3.5,0.0     1  44  1.18e-15  1.33e-15  0.8   1.17e-14  9.9           1   0         1.18e-15  0         y
8x8x1;1x1x1     1.0      12.5,12.5,0.0    1  32  8.22e-16  8.22e-16  0.6   8.32e-15  10.1          1   0         8.22e-16  0         y
8x8x1;1x1x1     1.0      20.5,0.0,0.0     1  28  5.38e-16  1.01e-15  0.7   9.96e-15  18.5          1   0         5.38e-16  0         y
8x8x1;1x1x1     1.0      20.5,3.5,0.0     1  28  7.96e-16  1.57e-15  0.8   8.22e-15  10.3          1   0         7.96e-16  0         y
8x8x1;1x1x1     1.0      20.5,20.5,0.0    1  22  3.40e-16  6.47e-16  0.5   1.40e-14  41.1          1   0         3.40e-16  0         y
8x8x1;1x1x1     1.0      36.5,0.0,0.0     1  20  4.36e-16  1.19e-15  0.7   9.38e-15  21.5          1   0         4.36e-16  0         y
8x8x1;1x1x1     1.0      36.5,3.5,0.0     1  20  3.27e-16  3.78e-16  0.2   9.03e-15  27.6          1   0         3.27e-16  0         y
16x16x1;1x1x1   1.0      9.5,0.0,0.0      3  -1  2.04e-17  6.15e-17  -0.6  4.67e-15  228.8         3   2.08e-38  2.04e-17  3.76e-38  y
16x16x1;1x1x1   1.0      10.5,0.0,0.0     3  -1  5.43e-17  5.43e-17  -0.6  4.72e-15  87.0          3   1.75e-38  5.43e-17  2.80e-38  y
16x16x1;1x1x1   1.0      11.5,0.0,0.0     3  -1  2.34e-17  3.84e-17  -0.8  4.76e-15  203.3         3   0         2.34e-17  5.85e-39  y
16x16x1;1x1x1   1.0      9.5,7.5,0.0      2  -1  2.50e-15  2.89e-15  1.1   2.47e-14  9.9           2   1.78e-15  7.24e-16  1.80e-15  y
16x16x1;1x1x1   1.0      12.5,0.0,0.0     3  -1  6.40e-17  8.98e-17  -0.4  4.77e-15  74.6          3   7.31e-38  6.40e-17  1.25e-37  y
16x16x1;1x1x1   1.0      10.5,7.5,0.0     2  -1  7.14e-16  9.86e-16  0.6   1.81e-14  25.3          2   6.03e-16  4.39e-16  6.06e-16  y
16x16x1;1x1x1   1.0      9.5,9.5,0.0      2  -1  9.32e-16  9.32e-16  0.6   1.97e-14  21.1          2   9.15e-16  5.44e-16  9.20e-16  y
16x16x1;1x1x1   1.0      11.5,7.5,0.0     2  -1  1.06e-15  1.06e-15  0.7   1.51e-14  14.2          2   7.42e-16  3.26e-16  7.42e-16  y
16x16x1;1x1x1   1.0      14.5,0.0,0.0     3  -1  4.19e-17  5.06e-17  -0.6  4.76e-15  113.6         3   3.00e-38  4.19e-17  5.43e-38  y
16x16x1;1x1x1   1.0      12.5,7.5,0.0     2  -1  5.56e-16  9.29e-16  0.6   1.44e-14  25.8          2   4.46e-16  3.58e-16  4.83e-16  y
16x16x1;1x1x1   1.0      10.5,10.5,0.0    2  -1  3.95e-16  5.40e-16  0.4   1.44e-14  36.5          2   4.74e-16  4.96e-16  6.04e-16  y
16x16x1;1x1x1   1.0      14.5,7.5,0.0     2  -1  5.36e-16  9.87e-16  0.6   1.34e-14  25.1          2   3.02e-16  2.40e-16  3.98e-16  y
16x16x1;1x1x1   1.0      16.5,0.0,0.0     3  -1  3.69e-17  3.69e-17  -0.8  4.75e-15  128.5         3   1.17e-37  3.69e-17  2.33e-37  y
16x16x1;1x1x1   1.0      12.5,12.5,0.0    2  -1  7.78e-16  1.24e-15  0.7   1.24e-14  16.0          2   7.53e-16  5.97e-16  7.99e-16  y
16x16x1;1x1x1   1.0      16.5,7.5,0.0     2  -1  5.61e-16  5.61e-16  0.4   1.19e-14  21.3          2   7.30e-16  3.55e-16  7.30e-16  y
16x16x1;1x1x1   1.0      16.5,16.5,0.0    1  50  3.09e-16  3.34e-16  0.2   1.29e-14  41.7          1   0         3.09e-16  0         y
16x16x1;1x1x1   1.0      24.5,0.0,0.0     1  46  4.14e-16  9.11e-16  0.6   2.04e-14  49.3          1   0         4.14e-16  0         y
16x16x1;1x1x1   1.0      24.5,7.5,0.0     1  44  3.69e-16  5.00e-16  0.4   1.55e-14  42.1          1   0         3.69e-16  0         y
16x16x1;1x1x1   1.0      24.5,24.5,0.0    1  34  6.81e-16  6.81e-16  0.5   7.40e-15  10.9          1   0         6.81e-16  0         y
16x16x1;1x1x1   1.0      40.5,0.0,0.0     1  30  4.89e-16  1.15e-15  0.7   8.94e-15  18.3          1   0         4.89e-16  0         y
16x16x1;1x1x1   1.0      40.5,7.5,0.0     1  30  6.55e-16  1.57e-15  0.8   7.38e-15  11.3          1   0         6.55e-16  0         y
8x8x8;1x1x1     1.0      5.5,0.0,0.0      3  -1  3.21e-17  5.97e-17  -0.6  4.84e-15  150.7         3   6.50e-39  3.21e-17  1.66e-38  y
8x8x8;1x1x1     1.0      6.5,0.0,0.0      3  -1  7.76e-17  7.76e-17  -0.5  4.80e-15  61.8          3   2.55e-38  7.76e-17  5.00e-38  y
8x8x8;1x1x1     1.0      5.5,3.5,0.0      3  -1  4.77e-17  8.74e-17  -0.4  4.85e-15  101.6         3   5.07e-39  4.77e-17  9.55e-39  y
8x8x8;1x1x1     1.0      6.5,3.5,0.0      3  -1  6.69e-17  6.69e-17  -0.5  4.83e-15  72.3          3   1.21e-38  6.69e-17  1.70e-38  y
8x8x8;1x1x1     1.0      5.5,3.5,3.5      2  -1  5.51e-16  9.08e-16  0.6   2.79e-14  50.6          2   1.05e-15  9.47e-16  1.05e-15  y
8x8x8;1x1x1     1.0      7.5,0.0,0.0      3  -1  3.16e-17  3.16e-17  -0.8  4.78e-15  151.3         3   5.35e-38  3.16e-17  9.07e-38  y
8x8x8;1x1x1     1.0      5.5,5.5,0.0      3  -1  3.17e-17  3.26e-17  -0.8  4.89e-15  154.5         3   3.45e-38  3.17e-17  6.58e-38  y
8x8x8;1x1x1     1.0      6.5,3.5,3.5      2  -1  6.94e-16  1.08e-15  0.7   2.13e-14  30.7          2   6.48e-16  4.15e-16  7.90e-16  y
8x8x8;1x1x1     1.0      7.5,3.5,0.0      3  -1  6.91e-17  6.91e-17  -0.5  4.82e-15  69.7          3   2.60e-38  6.91e-17  2.97e-38  y
8x8x8;1x1x1     1.0      8.5,0.0,0.0      3  -1  2.88e-17  4.46e-17  -0.7  4.77e-15  165.6         3   2.03e-38  2.88e-17  4.08e-38  y
8x8x8;1x1x1     1.0      5.5,5.5,3.5      2  -1  1.02e-15  1.17e-15  0.7   2.48e-14  24.3          2   1.45e-15  6.09e-16  1.72e-15  y
8x8x8;1x1x1     1.0      7.5,3.5,3.5      2  -1  1.11e-15  1.37e-15  0.8   1.77e-14  16.0          2   7.77e-16  9.20e-16  7.77e-16  y
8x8x8;1x1x1     1.0      6.5,6.5,0.0      3  -1  9.50e-17  9.65e-17  -0.4  4.90e-15  51.6          3   4.71e-38  9.50e-17  8.71e-38  y
8x8x8;1x1x1     1.0      8.5,3.5,0.0      3  -1  4.43e-17  6.81e-17  -0.5  4.82e-15  108.7         3   1.81e-38  4.43e-17  3.61e-38  y
8x8x8;1x1x1     1.0      6.5,6.5,3.5      2  -1  1.05e-15  1.05e-15  0.7   1.87e-14  17.8          2   1.13e-15  4.41e-16  1.22e-15  y
8x8x8;1x1x1     1.0      8.5,3.5,3.5      2  -1  1.21e-15  1.21e-15  0.7   1.69e-14  14.0          2   1.47e-15  5.45e-16  1.47e-15  y
8x8x8;1x1x1     1.0      10.5,0.0,0.0     3  -1  3.97e-17  3.97e-17  -0.7  4.77e-15  120.3         3   6.55e-38  3.97e-17  1.22e-37  y
8x8x8;1x1x1     1.0      10.5,3.5,0.0     3  -1  6.20e-17  6.80e-17  -0.5  4.81e-15  77.7          3   1.00e-37  6.20e-17  1.37e-37  y
8x8x8;1x1x1     1.0      10.5,3.5,3.5     2  -1  1.11e-15  1.32e-15  0.8   1.49e-14  13.4          2   1.47e-15  8.48e-16  1.47e-15  y
8x8x8;1x1x1     1.0      8.5,8.5,0.0      3  -1  5.37e-17  7.86e-17  -0.5  4.78e-15  89.0          3   7.94e-38  5.37e-17  1.03e-37  y
8x8x8;1x1x1     1.0      12.5,0.0,0.0     1  56  2.59e-16  2.59e-16  0.1   3.50e-14  135.3         1   0         2.59e-16  0         y
8x8x8;1x1x1     1.0      8.5,8.5,3.5      1  56  3.44e-16  7.29e-16  0.5   3.46e-14  100.5         1   0         3.44e-16  0         y
8x8x8;1x1x1     1.0      12.5,3.5,0.0     1  54  5.83e-16  6.26e-16  0.5   1.59e-14  27.2          1   0         5.83e-16  0         y
8x8x8;1x1x1     1.0      12.5,3.5,3.5     1  50  8.22e-16  8.89e-16  0.6   2.57e-14  31.2          1   0         8.22e-16  0         y
8x8x8;1x1x1     1.0      12.5,12.5,0.0    1  36  8.99e-16  8.99e-16  0.6   1.20e-14  13.3          1   0         8.99e-16  0         y
8x8x8;1x1x1     1.0      12.5,12.5,3.5    1  36  7.42e-16  7.42e-16  0.5   8.43e-15  11.4          1   0         7.42e-16  0         y
8x8x8;1x1x1     1.0      20.5,0.0,0.0     1  32  5.45e-16  6.91e-16  0.5   7.54e-15  13.8          1   0         5.45e-16  0         y
8x8x8;1x1x1     1.0      20.5,3.5,0.0     1  30  5.24e-16  1.04e-15  0.7   2.22e-14  42.3          1   0         5.24e-16  0         y
8x8x8;1x1x1     1.0      20.5,3.5,3.5     1  30  5.15e-16  8.23e-16  0.6   1.67e-14  32.4          1   0         5.15e-16  0         y
8x8x8;1x1x1     1.0      20.5,20.5,0.0    1  24  4.24e-16  4.24e-16  0.3   1.39e-14  32.6          1   0         4.24e-16  0         y
8x8x8;1x1x1     1.0      20.5,20.5,3.5    1  24  5.81e-16  5.81e-16  0.4   1.26e-14  21.7          1   0         5.81e-16  0         y
8x8x8;1x1x1     1.0      36.5,0.0,0.0     1  22  3.68e-16  5.14e-16  0.4   6.79e-15  18.5          1   0         3.68e-16  0         y
8x8x8;1x1x1     1.0      36.5,3.5,0.0     1  22  3.20e-16  5.06e-16  0.4   6.60e-15  20.6          1   0         3.20e-16  0         y
8x8x8;1x1x1     1.0      36.5,3.5,3.5     1  22  9.09e-17  4.84e-16  0.3   6.45e-15  71.0          1   0         9.09e-17  0         y
16x16x16;1x1x1  1.0      9.5,0.0,0.0      3  -1  4.13e-17  4.89e-17  -0.7  5.02e-15  121.7         3   7.42e-38  4.13e-17  1.45e-37  y
16x16x16;1x1x1  1.0      10.5,0.0,0.0     3  -1  5.86e-17  6.46e-17  -0.5  4.98e-15  85.0          3   1.24e-37  5.86e-17  2.41e-37  y
16x16x16;1x1x1  1.0      11.5,0.0,0.0     3  -1  7.60e-17  7.77e-17  -0.5  4.96e-15  65.2          3   7.72e-38  7.60e-17  1.54e-37  y
16x16x16;1x1x1  1.0      9.5,7.5,0.0      3  -1  5.11e-17  6.23e-17  -0.6  4.97e-15  97.1          3   1.12e-37  5.11e-17  1.20e-37  y
16x16x16;1x1x1  1.0      12.5,0.0,0.0     3  -1  7.16e-17  7.16e-17  -0.5  4.92e-15  68.6          3   1.91e-37  7.16e-17  3.80e-37  y
16x16x16;1x1x1  1.0      10.5,7.5,0.0     3  -1  2.45e-17  3.46e-17  -0.8  4.92e-15  201.1         3   1.14e-37  2.45e-17  1.84e-37  y
16x16x16;1x1x1  1.0      9.5,9.5,0.0      3  -1  6.65e-17  6.65e-17  -0.5  4.90e-15  73.7          3   9.00e-38  6.65e-17  9.07e-38  y
16x16x16;1x1x1  1.0      11.5,7.5,0.0     3  -1  2.98e-17  4.49e-17  -0.7  4.88e-15  164.1         3   1.89e-37  2.98e-17  1.89e-37  y
16x16x16;1x1x1  1.0      9.5,7.5,7.5      2  -1  3.21e-15  4.66e-15  1.3   2.35e-14  7.3           2   3.51e-15  3.57e-15  3.51e-15  y
16x16x16;1x1x1  1.0      14.5,0.0,0.0     3  -1  2.65e-17  2.65e-17  -0.9  4.84e-15  183.1         3   6.61e-38  2.65e-17  1.29e-37  y
16x16x16;1x1x1  1.0      12.5,7.5,0.0     3  -1  3.91e-17  6.08e-17  -0.6  4.85e-15  124.2         3   1.30e-37  3.91e-17  1.96e-37  y
16x16x16;1x1x1  1.0      10.5,10.5,0.0    3  -1  4.86e-17  7.29e-17  -0.5  4.85e-15  99.9          3   1.20e-37  4.86e-17  1.25e-37  y
16x16x16;1x1x1  1.0      10.5,7.5,7.5     2  -1  2.50e-15  2.50e-15  1.1   1.90e-14  7.6           2   2.27e-15  1.62e-15  2.41e-15  y
16x16x16;1x1x1  1.0      9.5,9.5,7.5      2  -1  3.08e-15  3.08e-15  1.1   1.89e-14  6.1           2   3.67e-15  2.95e-15  3.93e-15  y
16x16x16;1x1x1  1.0      11.5,7.5,7.5     2  -1  1.93e-15  3.67e-15  1.2   1.68e-14  8.7           2   2.26e-15  2.25e-15  2.26e-15  y
16x16x16;1x1x1  1.0      14.5,7.5,0.0     3  -1  3.15e-17  5.37e-17  -0.6  4.81e-15  152.6         3   2.42e-37  3.15e-17  2.42e-37  y
16x16x16;1x1x1  1.0      12.5,7.5,7.5     2  -1  2.35e-15  3.23e-15  1.2   1.58e-14  6.7           2   2.68e-15  2.31e-15  3.74e-15  y
16x16x16;1x1x1  1.0      16.5,0.0,0.0     3  -1  2.85e-17  3.93e-17  -0.8  4.80e-15  168.3         3   3.45e-37  2.85e-17  6.79e-37  y
16x16x16;1x1x1  1.0      10.5,10.5,7.5    2  -1  2.16e-15  3.39e-15  1.2   1.58e-14  7.3           2   2.27e-15  1.72e-15  2.27e-15  y
16x16x16;1x1x1  1.0      12.5,12.5,0.0    3  -1  8.08e-17  8.08e-17  -0.4  4.79e-15  59.3          3   1.74e-37  8.08e-17  1.77e-37  y
16x16x16;1x1x1  1.0      14.5,7.5,7.5     2  -1  2.31e-15  3.16e-15  1.2   1.40e-14  6.1           2   4.43e-15  3.70e-15  4.43e-15  y
16x16x16;1x1x1  1.0      16.5,7.5,0.0     3  -1  3.92e-17  4.39e-17  -0.7  4.78e-15  121.9         3   1.36e-37  3.92e-17  2.60e-37  y
16x16x16;1x1x1  1.0      12.5,12.5,7.5    2  -1  3.42e-15  4.62e-15  1.3   1.35e-14  4.0           2   4.88e-15  2.18e-15  5.17e-15  y
16x16x16;1x1x1  1.0      16.5,7.5,7.5     2  -1  2.23e-15  2.89e-15  1.1   1.26e-14  5.6           2   2.97e-15  5.09e-15  3.18e-15  y
16x16x16;1x1x1  1.0      16.5,16.5,0.0    3  -1  7.17e-17  7.17e-17  -0.5  4.73e-15  65.9          3   2.61e-38  7.17e-17  4.34e-38  y
16x16x16;1x1x1  1.0      24.5,0.0,0.0     3  -1  2.15e-17  2.35e-17  -1.0  4.72e-15  219.1         3   1.45e-36  2.15e-17  2.90e-36  y
16x16x16;1x1x1  1.0      16.5,16.5,7.5    2  -1  2.43e-15  2.43e-15  1.0   9.86e-15  4.1           2   1.34e-15  1.34e-15  1.49e-15  y
16x16x16;1x1x1  1.0      24.5,7.5,0.0     1  54  4.98e-16  7.02e-16  0.5   2.39e-14  48.0          1   0         4.98e-16  0         y
16x16x16;1x1x1  1.0      24.5,7.5,7.5     1  52  2.77e-16  9.03e-16  0.6   1.38e-14  49.9          1   0         2.77e-16  0         y
16x16x16;1x1x1  1.0      32.5,0.0,0.0     1  40  1.26e-15  1.26e-15  0.8   2.16e-14  17.1          1   0         1.26e-15  0         y
16x16x16;1x1x1  1.0      24.5,24.5,0.0    1  38  6.37e-16  6.37e-16  0.5   1.53e-14  24.0          1   0         6.37e-16  0         y
16x16x16;1x1x1  1.0      24.5,24.5,7.5    1  38  6.46e-16  6.46e-16  0.5   9.65e-15  14.9          1   0         6.46e-16  0         y
16x16x16;1x1x1  1.0      40.5,0.0,0.0     1  34  7.78e-16  1.10e-15  0.7   8.96e-15  11.5          1   0         7.78e-16  0         y
16x16x16;1x1x1  1.0      40.5,7.5,0.0     1  34  6.47e-16  1.28e-15  0.8   7.20e-15  11.1          1   0         6.47e-16  0         y
16x16x16;1x1x1  1.0      40.5,7.5,7.5     1  32  4.71e-16  1.87e-15  0.9   2.15e-14  45.6          1   0         4.71e-16  0         y
16x16x16;1x1x1  1.0      48.5,0.0,0.0     1  30  1.17e-15  1.17e-15  0.7   8.72e-15  7.4           1   0         1.17e-15  0         y
16x16x16;1x1x1  1.0      64.5,0.0,0.0     1  26  4.05e-16  9.03e-16  0.6   7.40e-15  18.3          1   0         4.05e-16  0         y
16x16x16;1x1x1  1.0      128.5,0.0,0.0    1  22  1.99e-15  1.99e-15  1.0   4.77e-15  2.4           1   0         1.99e-15  0         y
2x1x1;1x1x1     1.0+0.1i 2.5,0.0,0.0      2  -1  5.85e-16  1.28e-15  0.8   2.13e-14  36.5          2   1.60e-17  5.85e-16  1.60e-17  y
2x1x1;1x1x1     1.0+0.1i 3.5,0.0,0.0      1  48  3.42e-16  5.06e-16  0.4   1.51e-14  44.1          1   0         3.42e-16  0         y
2x1x1;1x1x1     1.0+0.1i 4.5,0.0,0.0      1  34  6.13e-16  1.58e-15  0.9   1.88e-14  30.6          1   0         6.13e-16  0         y
2x1x1;1x1x1     1.0+0.1i 5.5,0.0,0.0      1  28  2.60e-16  6.16e-16  0.4   1.75e-14  67.1          1   0         2.60e-16  0         y
2x1x1;1x1x1     1.0+0.1i 7.5,0.0,0.0      1  22  4.99e-16  5.53e-16  0.4   1.94e-14  38.9          1   0         4.99e-16  0         y
2x1x1;1x1x1     1.0+0.1i 9.5,0.0,0.0      1  20  3.21e-16  4.19e-16  0.3   7.42e-15  23.1          1   0         3.21e-16  0         y
2x1x1;1x1x1     1.0+0.1i 17.5,0.0,0.0     1  16  5.89e-16  5.89e-16  0.4   4.69e-15  8.0           1   0         5.89e-16  0         y
2x1x1;1x1x1     1.0+0.1i 33.5,0.0,0.0     1  12  3.82e-16  3.82e-16  0.2   8.39e-15  22.0          1   0         3.82e-16  0         y
4x1x1;1x1x1     1.0+0.1i 3.5,0.0,0.0      2  -1  4.91e-16  1.02e-15  0.7   1.94e-14  39.5          2   5.46e-17  4.91e-16  5.46e-17  y
4x1x1;1x1x1     1.0+0.1i 4.5,0.0,0.0      2  -1  7.04e-16  1.02e-15  0.7   1.44e-14  20.4          2   1.41e-16  5.65e-16  1.41e-16  y
4x1x1;1x1x1     1.0+0.1i 5.5,0.0,0.0      1  44  1.02e-15  1.02e-15  0.7   2.05e-14  20.1          1   0         1.02e-15  0         y
4x1x1;1x1x1     1.0+0.1i 6.5,0.0,0.0      1  36  5.81e-16  1.23e-15  0.7   1.99e-14  34.3          1   0         5.81e-16  0         y
4x1x1;1x1x1     1.0+0.1i 8.5,0.0,0.0      1  28  4.31e-16  4.31e-16  0.3   1.94e-14  45.0          1   0         4.31e-16  0         y
4x1x1;1x1x1     1.0+0.1i 10.5,0.0,0.0     1  24  4.78e-16  4.78e-16  0.3   1.76e-14  36.8          1   0         4.78e-16  0         y
4x1x1;1x1x1     1.0+0.1i 18.5,0.0,0.0     1  18  5.36e-16  5.36e-16  0.4   7.75e-15  14.5          1   0         5.36e-16  0         y
4x1x1;1x1x1     1.0+0.1i 34.5,0.0,0.0     1  14  3.81e-16  3.81e-16  0.2   9.79e-15  25.7          1   0         3.81e-16  0         y
2x2x2;1x1x1     1.0+0.1i 2.5,0.0,0.0      3  -1  4.10e-17  6.48e-17  -0.5  4.66e-15  113.7         3   9.22e-39  4.10e-17  1.84e-38  y
2x2x2;1x1x1     1.0+0.1i 3.5,0.0,0.0      3  -1  7.45e-17  7.45e-17  -0.5  4.67e-15  62.6          3   1.53e-38  7.45e-17  2.71e-38  y
2x2x2;1x1x1     1.0+0.1i 4.5,0.0,0.0      1  46  4.72e-16  1.22e-15  0.7   1.12e-14  23.8          1   0         4.72e-16  0         y
2x2x2;1x1x1     1.0+0.1i 5.5,0.0,0.0      1  34  5.07e-16  6.24e-16  0.4   2.12e-14  41.9          1   0         5.07e-16  0         y
2x2x2;1x1x1     1.0+0.1i 7.5,0.0,0.0      1  26  4.07e-16  7.05e-16  0.5   1.11e-14  27.2          1   0         4.07e-16  0         y
2x2x2;1x1x1     1.0+0.1i 9.5,0.0,0.0      1  22  2.19e-16  2.84e-16  0.1   1.01e-14  46.1          1   0         2.19e-16  0         y
2x2x2;1x1x1     1.0+0.1i 17.5,0.0,0.0     1  16  3.51e-16  5.64e-16  0.4   8.13e-15  23.2          1   0         3.51e-16  0         y
2x2x2;1x1x1     1.0+0.1i 33.5,0.0,0.0     1  14  7.52e-16  7.83e-16  0.5   4.55e-15  6.1           1   0         7.52e-16  0         y
8x1x1;1x1x1     1.0+0.1i 5.5,0.0,0.0      2  -1  5.86e-16  8.54e-16  0.6   1.91e-14  32.6          2   2.03e-16  3.89e-16  2.03e-16  y
8x1x1;1x1x1     1.0+0.1i 6.5,0.0,0.0      2  -1  7.34e-16  7.43e-16  0.5   1.48e-14  20.2          2   1.24e-16  6.11e-16  1.24e-16  y
8x1x1;1x1x1     1.0+0.1i 7.5,0.0,0.0      2  -1  6.45e-16  8.33e-16  0.6   1.10e-14  17.1          2   8.02e-17  6.47e-16  8.02e-17  y
8x1x1;1x1x1     1.0+0.1i 8.5,0.0,0.0      1  54  5.91e-16  1.04e-15  0.7   1.84e-14  31.2          1   0         5.91e-16  0         y
8x1x1;1x1x1     1.0+0.1i 10.5,0.0,0.0     1  42  1.15e-15  1.49e-15  0.8   9.01e-15  7.8           1   0         1.15e-15  0         y
8x1x1;1x1x1     1.0+0.1i 12.5,0.0,0.0     1  34  7.29e-16  7.36e-16  0.5   1.71e-14  23.5          1   0         7.29e-16  0         y
8x1x1;1x1x1     1.0+0.1i 20.5,0.0,0.0     1  24  3.69e-16  3.69e-16  0.2   7.83e-15  21.3          1   0         3.69e-16  0         y
8x1x1;1x1x1     1.0+0.1i 36.5,0.0,0.0     1  18  4.53e-16  4.53e-16  0.3   8.41e-15  18.6          1   0         4.53e-16  0         y
16x1x1;1x1x1    1.0+0.1i 9.5,0.0,0.0      2  -1  5.61e-16  8.11e-16  0.6   1.93e-14  34.3          2   2.01e-16  4.17e-16  2.01e-16  y
16x1x1;1x1x1    1.0+0.1i 10.5,0.0,0.0     2  -1  7.47e-16  7.74e-16  0.5   1.50e-14  20.0          2   1.25e-16  6.27e-16  1.25e-16  y
16x1x1;1x1x1    1.0+0.1i 11.5,0.0,0.0     2  -1  5.95e-16  7.75e-16  0.5   1.13e-14  19.0          2   1.24e-16  7.05e-16  1.24e-16  y
16x1x1;1x1x1    1.0+0.1i 12.5,0.0,0.0     2  -1  3.66e-16  5.41e-16  0.4   1.31e-14  35.7          2   8.65e-17  3.63e-16  8.65e-17  y
16x1x1;1x1x1    1.0+0.1i 14.5,0.0,0.0     2  -1  5.47e-16  5.47e-16  0.4   1.59e-14  29.0          2   2.65e-16  3.06e-16  2.65e-16  y
16x1x1;1x1x1    1.0+0.1i 16.5,0.0,0.0     1  54  8.70e-16  8.70e-16  0.6   1.56e-14  17.9          1   0         8.70e-16  0         y
16x1x1;1x1x1    1.0+0.1i 24.5,0.0,0.0     1  34  1.35e-15  1.35e-15  0.8   2.15e-14  15.9          1   0         1.35e-15  0         y
16x1x1;1x1x1    1.0+0.1i 40.5,0.0,0.0     1  26  8.13e-16  9.77e-16  0.6   5.41e-15  6.7           1   0         8.13e-16  0         y
4x4x4;1x1x1     1.0+0.1i 3.5,0.0,0.0      3  -1  1.89e-17  5.14e-17  -0.6  4.72e-15  249.3         3   2.70e-38  1.89e-17  5.23e-38  y
4x4x4;1x1x1     1.0+0.1i 4.5,0.0,0.0      3  -1  6.48e-17  6.48e-17  -0.5  4.70e-15  72.6          3   1.64e-38  6.48e-17  3.50e-38  y
4x4x4;1x1x1     1.0+0.1i 5.5,0.0,0.0      3  -1  7.40e-17  7.40e-17  -0.5  4.70e-15  63.5          3   1.87e-38  7.40e-17  7.00e-39  y
4x4x4;1x1x1     1.0+0.1i 6.5,0.0,0.0      3  -1  1.48e-17  2.97e-17  -0.9  4.70e-15  317.6         3   2.80e-38  1.48e-17  6.21e-38  y
4x4x4;1x1x1     1.0+0.1i 8.5,0.0,0.0      1  40  6.95e-16  6.95e-16  0.5   1.23e-14  17.7          1   0         6.95e-16  0         y
4x4x4;1x1x1     1.0+0.1i 10.5,0.0,0.0     1  32  3.60e-16  3.60e-16  0.2   9.71e-15  27.0          1   0         3.60e-16  0         y
4x4x4;1x1x1     1.0+0.1i 18.5,0.0,0.0     1  20  2.38e-16  2.38e-16  0.0   2.47e-14  103.8         1   0         2.38e-16  0         y
4x4x4;1x1x1     1.0+0.1i 34.5,0.0,0.0     1  16  2.25e-16  4.45e-16  0.3   7.08e-15  31.5          1   0         2.25e-16  0         y
8x8x8;1x1x1     1.0+0.1i 5.5,0.0,0.0      3  -1  4.86e-17  6.90e-17  -0.5  4.83e-15  99.5          3   7.09e-39  4.86e-17  1.42e-38  y
8x8x8;1x1x1     1.0+0.1i 6.5,0.0,0.0      3  -1  5.29e-17  6.31e-17  -0.5  4.79e-15  90.5          3   2.07e-38  5.29e-17  4.96e-38  y
8x8x8;1x1x1     1.0+0.1i 7.5,0.0,0.0      3  -1  2.40e-17  3.04e-17  -0.9  4.77e-15  198.7         3   5.11e-38  2.40e-17  1.07e-37  y
8x8x8;1x1x1     1.0+0.1i 8.5,0.0,0.0      3  -1  3.52e-17  5.10e-17  -0.6  4.76e-15  135.2         3   3.48e-38  3.52e-17  6.62e-38  y
8x8x8;1x1x1     1.0+0.1i 10.5,0.0,0.0     3  -1  4.74e-17  4.74e-17  -0.7  4.76e-15  100.5         3   7.82e-38  4.74e-17  1.48e-37  y
8x8x8;1x1x1     1.0+0.1i 12.5,0.0,0.0     1  56  9.05e-16  9.83e-16  0.6   3.34e-14  36.9          1   0         9.05e-16  0         y
8x8x8;1x1x1     1.0+0.1i 20.5,0.0,0.0     1  32  4.54e-16  4.54e-16  0.3   7.48e-15  16.5          1   0         4.54e-16  0         y
8x8x8;1x1x1     1.0+0.1i 36.5,0.0,0.0     1  22  3.71e-16  8.58e-16  0.6   6.80e-15  18.3          1   0         3.71e-16  0         y
16x16x16;1x1x1  1.0+0.1i 9.5,0.0,0.0      3  -1  5.30e-17  5.91e-17  -0.6  5.03e-15  94.8          3   1.32e-37  5.30e-17  2.58e-37  y
16x16x16;1x1x1  1.0+0.1i 10.5,0.0,0.0     3  -1  7.90e-17  7.90e-17  -0.4  4.98e-15  63.0          3   8.53e-38  7.90e-17  1.64e-37  y
16x16x16;1x1x1  1.0+0.1i 11.5,0.0,0.0     3  -1  2.96e-17  3.03e-17  -0.9  4.94e-15  167.1         3   1.16e-37  2.96e-17  2.31e-37  y
16x16x16;1x1x1  1.0+0.1i 12.5,0.0,0.0     3  -1  1.90e-17  2.03e-17  -1.0  4.89e-15  257.0         3   2.45e-37  1.90e-17  4.88e-37  y
16x16x16;1x1x1  1.0+0.1i 14.5,0.0,0.0     3  -1  6.57e-17  8.31e-17  -0.4  4.82e-15  73.5          3   1.17e-37  6.57e-17  2.29e-37  y
16x16x16;1x1x1  1.0+0.1i 16.5,0.0,0.0     3  -1  4.63e-17  4.63e-17  -0.7  4.78e-15  103.4         3   3.25e-37  4.63e-17  6.52e-37  y
16x16x16;1x1x1  1.0+0.1i 24.5,0.0,0.0     3  -1  2.67e-17  3.27e-17  -0.8  4.71e-15  176.4         3   2.64e-36  2.67e-17  5.28e-36  y
16x16x16;1x1x1  1.0+0.1i 40.5,0.0,0.0     1  34  1.68e-16  6.45e-16  0.5   8.96e-15  53.2          1   0         1.68e-16  0         y

# per (pair, f): n, routes 1/2/3, worst eMx, pEn, dig, swap identity, swap vs ref, flip,
# worst c/G, violations (direct + swapped), bitwise farTensorX == farBlockX!, setup s (direct,
# swapped), farBlockX! s, k-series s (farTensorX route 3, direct), table Lw, nCut max
pair            f        n   r1/2/3    eMx       pEn       dig   sid       seMx      flip      c/G       viol bw    setup       blk    ksr     Lw  nCut
2x1x1;1x1x1     0.37     8   7/1/0     2.67e-15  2.67e-15  1.1   0         2.67e-15  0         1.86e-14  0    8/8   2.4,0.1     1.9    0.0     48  5
4x1x1;1x1x1     0.37     8   6/2/0     2.27e-15  2.27e-15  1.0   5.02e-19  2.27e-15  5.02e-19  1.85e-14  0    8/8   1.2,0.2     0.9    0.0     44  6
2x2x2;1x1x1     0.37     8   6/0/2     9.92e-16  1.30e-15  0.8   0         9.92e-16  0         2.28e-14  0    8/8   1.1,0.1     54.6   0.0     44  6
8x1x1;1x1x1     0.37     8   5/3/0     2.13e-15  2.13e-15  1.0   3.15e-16  2.01e-15  3.15e-16  2.92e-14  0    8/8   2.2,0.1     0.9    0.0     54  7
16x1x1;1x1x1    0.37     8   3/5/0     2.44e-15  2.44e-15  1.0   2.98e-16  2.44e-15  2.98e-16  1.78e-14  0    8/8   2.2,0.1     0.9    0.0     52  8
4x4x4;1x1x1     0.37     8   4/0/4     4.46e-16  8.78e-16  0.6   4.58e-38  4.46e-16  8.09e-38  2.62e-14  0    8/8   0.8,0.1     114.1  0.0     38  6
8x8x8;1x1x1     0.37     8   3/0/5     1.49e-15  1.65e-15  0.9   8.04e-38  1.49e-15  1.47e-37  1.71e-14  0    8/8   2.4,0.1     142.7  0.0     56  7
16x16x16;1x1x1  0.37     8   2/0/6     4.40e-16  6.36e-16  0.5   8.22e-38  4.40e-16  1.51e-37  2.27e-14  0    8/8   2.4,0.1     185.7  0.0     56  9
1x1x8;1x1x1     1.0      8   3/4/1     9.97e-16  9.97e-16  0.7   2.11e-16  9.97e-16  2.11e-16  1.39e-14  0    8/8   0.7,0.1     15.9   0.0     38  6
4x4x1;1x1x1     1.0      8   2/0/6     4.09e-16  6.29e-16  0.5   3.98e-37  4.09e-16  7.96e-37  8.05e-13  0    8/8   1.6,0.1     177.9  0.0     50  8
2x1x1;1x1x1     1.0      17  16/1/0    3.24e-15  3.24e-15  1.2   4.79e-21  3.24e-15  4.79e-21  3.49e-14  0    17/17 1.3,0.2     0.7    0.0     56  7
3x1x1;1x1x1     1.0      1   0/1/0     2.98e-15  2.98e-15  1.1   5.69e-17  2.98e-15  5.69e-17  2.05e-14  0    1/1   0.2,0.1     0.8    0.0     24  7
2x2x1;1x1x1     1.0      21  16/3/2    1.53e-15  3.22e-15  1.2   1.58e-16  1.69e-15  1.58e-16  3.10e-14  0    21/21 0.8,0.1     49.6   0.0     40  7
4x1x1;1x1x1     1.0      16  13/3/0    2.92e-15  2.92e-15  1.1   2.14e-16  2.71e-15  2.14e-16  3.17e-14  0    16/16 0.2,0.1     0.8    0.0     46  7
2x2x2;1x1x1     1.0      37  29/3/5    1.28e-15  4.71e-15  1.3   1.97e-16  1.28e-15  2.20e-16  2.72e-14  0    37/37 0.2,0.1     225.2  0.0     46  7
8x1x1;1x1x1     1.0      13  8/5/0     2.55e-15  2.55e-15  1.1   1.95e-16  2.55e-15  1.95e-16  3.07e-14  0    13/13 0.1,0.1     0.8    0.0     54  9
4x4x1;1x1x1     1.0      21  14/4/3    1.20e-15  1.31e-15  0.8   2.11e-16  1.20e-15  2.19e-16  2.51e-14  0    21/21 1.8,0.1     95.3   0.0     50  8
16x1x1;1x1x1    1.0      17  9/8/0     2.70e-15  2.70e-15  1.1   3.46e-16  2.50e-15  3.46e-16  3.09e-14  0    17/17 0.3,0.2     0.9    0.0     54  11
4x4x4;1x1x1     1.0      38  22/6/10   1.48e-15  2.11e-15  1.0   4.11e-16  1.48e-15  4.44e-16  3.39e-14  0    38/38 1.5,0.1     376.0  0.0     54  8
8x8x1;1x1x1     1.0      21  10/6/5    1.18e-15  1.57e-15  0.8   5.40e-16  1.18e-15  5.40e-16  2.77e-14  0    21/21 2.0,0.1     193.0  0.0     54  9
16x16x1;1x1x1   1.0      21  6/9/6     2.50e-15  2.89e-15  1.1   1.78e-15  7.24e-16  1.80e-15  2.47e-14  0    21/21 1.6,0.1     407.8  0.0     50  12
8x8x8;1x1x1     1.0      34  14/7/13   1.21e-15  1.37e-15  0.8   1.47e-15  9.47e-16  1.72e-15  3.50e-14  0    34/34 0.1,0.1     739.9  0.0     56  10
16x16x16;1x1x1  1.0      38  11/10/17  3.42e-15  4.66e-15  1.3   4.88e-15  5.09e-15  5.17e-15  2.39e-14  0    38/38 0.2,0.2     1480.9 0.0     56  13
2x1x1;1x1x1     1.0+0.1i 8   7/1/0     6.13e-16  1.58e-15  0.9   1.60e-17  6.13e-16  1.60e-17  2.13e-14  0    8/8   0.2,0.1     1.4    0.0     56  7
4x1x1;1x1x1     1.0+0.1i 8   6/2/0     1.02e-15  1.23e-15  0.7   1.41e-16  1.02e-15  1.41e-16  2.05e-14  0    8/8   0.1,0.1     0.9    0.0     46  8
2x2x2;1x1x1     1.0+0.1i 8   6/0/2     7.52e-16  1.22e-15  0.7   1.53e-38  7.52e-16  2.71e-38  2.12e-14  0    8/8   0.1,0.1     3.5    0.0     46  7
8x1x1;1x1x1     1.0+0.1i 8   5/3/0     1.15e-15  1.49e-15  0.8   2.03e-16  1.15e-15  2.03e-16  1.91e-14  0    8/8   0.1,0.1     1.4    0.0     54  9
16x1x1;1x1x1    1.0+0.1i 8   3/5/0     1.35e-15  1.35e-15  0.8   2.65e-16  1.35e-15  2.65e-16  2.15e-14  0    8/8   0.1,0.1     0.9    0.0     54  11
4x4x4;1x1x1     1.0+0.1i 8   4/0/4     6.95e-16  6.95e-16  0.5   2.80e-38  6.95e-16  6.21e-38  2.47e-14  0    8/8   0.1,0.1     49.5   0.0     54  8
8x8x8;1x1x1     1.0+0.1i 8   3/0/5     9.05e-16  9.83e-16  0.6   7.82e-38  9.05e-16  1.48e-37  3.34e-14  0    8/8   0.1,0.1     56.3   0.0     56  10
16x16x16;1x1x1  1.0+0.1i 8   1/0/7     1.68e-16  6.45e-16  0.5   2.64e-36  1.68e-16  5.28e-36  8.96e-15  0    8/8   0.2,0.2     160.5  0.0     56  13

# per route over all records: n, eMx median / worst, pEn median / worst, dig worst,
# c/G min / median / max, c/e min / median / max, swap identity worst, flip worst, violations
route 1: n 244  eMx 4.89e-16 / 2.44e-15  pEn 6.93e-16 / 4.71e-15  dig 1.3  c/G 4.55e-15 / 1.28e-14 / 3.50e-14  c/e 2.4 / 23.9 / 135.3  sid 0         flip 0         viol 0
route 2: n 92  eMx 5.86e-16 / 3.42e-15  pEn 7.94e-16 / 4.66e-15  dig 1.3  c/G 4.95e-15 / 1.66e-14 / 3.17e-14  c/e 4.0 / 29.2 / 673.4  sid 4.88e-15  flip 5.17e-15  viol 0
route 3: n 103  eMx 4.19e-17 / 9.67e-17  pEn 5.97e-17 / 9.67e-17  dig -0.4  c/G 4.62e-15 / 4.76e-15 / 8.05e-13  c/e 48.7 / 115.2 / 8930.4  sid 2.64e-36  flip 5.28e-36  viol 0

records 439; worst eMx 3.42e-15; worst pEn 4.71e-15; certificate violations 0 (direct and swapped, of 878); farTensorX == farBlockX! 439 of 439; load [3.89111328125, 3.22021484375, 3.03662109375]
