0 0 2 -0.02771426200041257038783716989691785495519 0.005687030629753297214468267526872634100342 0.0 0.0 0.0 0.0 0.0 0.0 -0.02771426200041257038783716989691785495519 0.005687030629753297214468267526872634100342 0.0 0.0 0.0 0.0 0.0 0.0 0.05632577356764707074409793965753278495307 -0.01129972489081979089495022139433372936913
0 0 4 -0.01644621730006730105824883953870165247826 0.003396410237803923244032147313954744508676 0.0 0.0 0.0 0.0 0.0 0.0 -0.01644621730006730105824883953870165247826 0.003396410237803923244032147313954744508676 0.0 0.0 0.0 0.0 0.0 0.0 0.03362977502177725801602469319114055697378 -0.006718579002369854361354709302965233085933
0 0 8 -0.007640964651894889066271202209431057435827 0.001600664846692609499932632615461597238969 0.0 0.0 0.0 0.0 0.0 0.0 -0.007640964651894889066271202209431057435827 0.001600664846692609499932632615461597238969 0.0 0.0 0.0 0.0 0.0 0.0 0.01581218393695440568413281596566153749711 -0.003127399806154876850887956139337806724597
0 0 16 -0.00235919858618619108190373899200784180311 0.0005185570712793392299126417941436601760049 0.0 0.0 0.0 0.0 0.0 0.0 -0.00235919858618619108190373899200784180311 0.0005185570712793392299126417941436601760049 0.0 0.0 0.0 0.0 0.0 0.0 0.005039833583893590264025393248140755682589 -0.0009641234992993342950332959825195843533868
1 0 2 0.01207714967091170281974210010474142359893 -0.00237916837072423215802343144289784315722 0.0 0.0 0.01101875464862811304490924984719947485698 -0.002222999588588691189558085914832373233582 0.0 0.0 -0.005228714610696092896094821283801999698092 0.001104301308902072260369717859259194562039 0.0 0.0 0.01101875464862811304490924984719947485679 -0.002222999588588691189558085914832373233582 0.0 -3.587324068671531701564747733222185296077e-43 -0.006449390829737155675655224098693746544653 0.00134792986412292150403413641052562632785
0 1 2 -0.005228714610696092896094821283801999698092 0.001104301308902072260369717859259194562039 0.0 0.0 0.0 0.0 -2.29588740394978028900143854926219858949e-41 0.0 0.01207714967091170281974210010474142359893 -0.00237916837072423215802343144289784315722 0.01101875464862811304490924984719947485624 -0.002222999588588691189558085914832373233307 0.0 -3.587324068671531701564747733222185296077e-43 0.01101875464862811304490924984719947485606 -0.002222999588588691189558085914832373233353 -0.006449390829737155675655224098693746544722 0.001347929864122921504034136410525626327833
1 1 2 0.001468991202241510590995675529966268867899 -0.0002523496984957143806350834362494482328367 0.003752086179325697416097854942445699609947 -0.0007518226929862594449619473255717920896017 0.001135536906488663299342055739642543521278 -0.0002283435831017696917787394328266014605944 0.003752086179325697416097854942445699609935 -0.0007518226929862594449619473255717920896045 0.001468991202241510590995675529966268867899 -0.0002523496984957143806350834362494482328367 0.001135536906488663299342055739642543521278 -0.0002283435831017696917787394328266014605255 0.001135536906488663299342055739642543521278 -0.0002283435831017696917787394328266014605923 0.001135536906488663299342055739642543521094 -0.0002283435831017696917787394328266014605234 -0.002670905736820384661906413826299021429069 0.0005767508418732532312640804884695116277074
0 0 3 -0.02087139267074989423098156118116329017725 0.004296800409628149406353896417063692861043 0.0 0.0 0.0 0.0 0.0 0.0 -0.02087139267074989423098156118116329017725 0.004296800409628149406353896417063692861043 0.0 0.0 0.0 0.0 0.0 0.0 0.04255347860653842211792546117913468200487 -0.008519305665680673236039175456111616110388
1 0 3 0.008661622066677585994951479498928115888687 -0.001690566464794033463201907974049589295434 0.0 0.0 0.00966041958252289005637739344009469263651 -0.00194754998728666970415653877715331650681 0.0 0.0 -0.004736946559264692236161502426178348672646 0.001004131027768319029358898427984527259016 0.0 0.0 0.009660419582522890056377393440094692635959 -0.001947549987286669704156538777153316506833 0.0 -7.174648137343063403129495466444370592155e-43 -0.003535657729288238179432846937018061530986 0.0007594740390936309647677718525708075882444
0 1 3 -0.004736946559264692236161502426178348678523 0.001004131027768319029358898427984527260853 0.0 0.0 0.0 0.0 0.0 0.0 0.008661622066677585994951479498928115882809 -0.001690566464794033463201907974049589293598 0.00966041958252289005637739344009469263651 -0.00194754998728666970415653877715331650681 0.0 -7.174648137343063403129495466444370592155e-43 0.009660419582522890056377393440094692635959 -0.001947549987286669704156538777153316506833 -0.003535657729288238179432846937018061530963 0.0007594740390936309647677718525708075882501
1 1 3 0.001234188819456313101884930044576555987196 -0.0002052190404591482833481637571144757775407 0.003365428676822654693580515410566152314968 -0.0006738478538684016675906536927398264924395 0.001356348238483324623615254471677259199532 -0.0002724811476188903122575670408505553247125 0.003365428676822654693580515410566152314968 -0.0006738478538684016675906536927398264924395 0.001234188819456313101884930044576555987196 -0.0002052190404591482833481637571144757775407 0.001356348238483324623615254471677259199532 -0.0002724811476188903122575670408505553247125 0.001356348238483324623615254471677259199532 -0.0002724811476188903122575670408505553247097 0.001356348238483324623615254471677259199532 -0.0002724811476188903122575670408505553247097 -0.002203761883608132667002567351381304621451 0.0004824701634800116629892966020390444237621
1 0 4 0.006469144787706251149873749193594956680621 -0.001249181853919988730791062845950996412329 0.0 0.0 0.008514801819792856716342441135230351358484 -0.001715319463202713818764760975526185886713 0.0 0.0 -0.004286702045077483365955788175270316175057 0.0009122805539320015159327096165317867104517 0.0 0.0 0.008514801819792856716342441135230351358668 -0.001715319463202713818764760975526185886736 0.0 0.0 -0.001804636535718815960136347392206232635993 0.0004099065750675846461442939363562332304522
0 1 4 -0.004286702045077483365955788175270316163302 0.0009122805539320015159327096165317867067783 0.0 0.0 0.0 0.0 0.0 0.0 0.006469144787706251149873749193594956692376 -0.001249181853919988730791062845950996416002 0.008514801819792856716342441135230351358484 -0.001715319463202713818764760975526185886713 0.0 0.0 0.008514801819792856716342441135230351358668 -0.001715319463202713818764760975526185886736 -0.001804636535718815960136347392206232636039 0.0004099065750675846461442939363562332304465
1 1 4 0.001024889861342557913273668957430125912444 -0.0001633243319740235693994278338118124017909 0.003012271497357164434156627134693267350581 -0.0006026763228958305770304230843576896126477 0.001483285014311175809985272237923451552223 -0.0002977039500636502802832170963545115641292 0.003012271497357164434156627134693267350581 -0.0006026763228958305770304230843576896126477 0.001024889861342557913273668957430125912444 -0.0001633243319740235693994278338118124017909 0.001483285014311175809985272237923451552223 -0.0002977039500636502802832170963545115641292 0.001483285014311175809985272237923451552223 -0.0002977039500636502802832170963545115641177 0.001483285014311175809985272237923451552223 -0.0002977039500636502802832170963545115641177 -0.001788349683381916531864796318101898777943 0.0003986537889425579234372602658930894432267
0 0 5 -0.01329394349554704087905476793965081792461 0.002754251933387754028603936208103344594013 0.0 0.0 0.0 0.0 0.0 0.0 -0.01329394349554704087905476793965081792461 0.002754251933387754028603936208103344594013 0.0 0.0 0.0 0.0 0.0 0.0 0.02726226406618723741444628877014190815753 -0.005434326920973889949656367839426378590635
1 0 5 0.004925520307676669426207020832029814107288 -0.0009389341937520343499458763807639138131118 0.0 1.434929627468612680625899093288874118431e-42 0.007527588275576991646117606802109257519069 -0.001515291266069663805415100699009215566177 0.0 0.0 -0.003876059794859063772733709126489216821658 0.0008284056752751939768591511094381247384094 0.0 0.0 0.007527588275576991646117606802109257519253 -0.001515291266069663805415100699009215566154 0.0 0.0 -0.0006834982312752556968909582514440423214637 0.0001834917206868360840284835266606560731626
0 1 5 -0.003876059794859063772733709126489216827535 0.0008284056752751939768591511094381247402461 0.0 0.0 0.0 0.0 0.0 1.434929627468612680625899093288874118431e-42 0.00492552030767666942620702083202981410141 -0.0009389341937520343499458763807639138112751 0.007527588275576991646117606802109257519069 -0.001515291266069663805415100699009215566177 0.0 0.0 0.007527588275576991646117606802109257519253 -0.001515291266069663805415100699009215566154 -0.0006834982312752556968909582514440423214407 0.000183491720686836084028483526660656073164
1 1 5 0.0008398517395875369761040929776447525854708 -0.0001263962646729202986144176128319663413827 0.002691269206418377091022751166582145545831 -0.0005380270154786985823032472084209622079146 0.001547112600915533112447990135988492969848 -0.0003102292741666081706129803077748328370974 0.002691269206418377091022751166582145545831 -0.0005380270154786985823032472084209622079146 0.0008398517395875369761040929776447525854708 -0.0001263962646729202986144176128319663413827 0.001547112600915533112447990135988492969848 -0.0003102292741666081706129803077748328370974 0.001547112600915533112447990135988492969664 -0.0003102292741666081706129803077748328370802 0.001547112600915533112447990135988492969664 -0.0003102292741666081706129803077748328370802 -0.001422054500609216704298501419790392351106 0.0003247632323097325008326786315382860901428
0 0 6 -0.01092834490982932785723842020408311641953 0.002271864229626427727441975347642333091966 0.0 0.0 0.0 0.0 0.0 0.0 -0.01092834490982932785723842020408311641953 0.002271864229626427727441975347642333091966 0.0 0.0 0.0 0.0 0.0 0.0 0.0224765020529743955646894672445734889558 -0.004469625605646798046849895479516947540442
1 0 6 0.003785742130580883186213559056114496783013 -0.0007102768080750560288784841830623471359838 0.0 0.0 0.00666735475467504433231762304931026588413 -0.001341080303988892425695579058872094603014 0.0 0.0 -0.003502854408006654237116104592883520271627 0.0007520946950991574001746485136287412065936 0.0 0.0 0.006667354754675044332317623049310265884314 -0.001341080303988892425695579058872094603014 0.0 0.0 7.095406067652317219041185872996741017567e-05 3.109488163997802323459274648274907800504e-05
0 1 6 -0.003502854408006654237116104592883520271627 0.0007520946950991574001746485136287412065936 0.0 0.0 0.0 0.0 0.0 0.0 0.003785742130580883186213559056114496783013 -0.0007102768080750560288784841830623471359838 0.00666735475467504433231762304931026588413 -0.001341080303988892425695579058872094603014 0.0 0.0 0.006667354754675044332317623049310265884314 -0.001341080303988892425695579058872094603014 7.095406067652317219041185872996741022159e-05 3.109488163997802323459274648274907800756e-05
1 1 6 0.000677568642147455545455268087942559852347 -9.411493455063028555630785786365723963211e-05 0.002400791007061911044023758772568703886034 -0.0004795626131936755271537849201451719612433 0.001566467848595968304996803548416463837357 -0.0003138215849838365036307174855127205706325 0.002400791007061911044023758772568703886034 -0.0004795626131936755271537849201451719612433 0.000677568642147455545455268087942559852347 -9.411493455063028555630785786365723963211e-05 0.001566467848595968304996803548416463837357 -0.0003138215849838365036307174855127205706325 0.001566467848595968304996803548416463837357 -0.000313821584983836503630717485512720570644 0.001566467848595968304996803548416463837357 -0.000313821584983836503630717485512720570644 -0.001101750394198847142144728385356142226819 0.0002601588364404754008416882446261094866211
0 0 7 -0.009094454931878193606518627746483918234803 0.001897567532681057989152668537414258632299 0.0 0.0 0.0 0.0 0.0 0.0 -0.009094454931878193606518627746483918234803 0.001897567532681057989152668537414258632299 0.0 0.0 0.0 0.0 0.0 0.0 0.01876106581574645873938819752387551152424 -0.003721114841380037213878211884988095843566
1 0 7 0.002920406013130488950425686427709977252858 -0.000537035092407685031159483155356227608423 0.0 0.0 0.005913136587870997507820898141469383060585 -0.001188420611047839340672410001402475900752 0.0 0.0 -0.0031647274682593752637169795313746454783 0.0006828867256165602815264371813419481110032 0.0 0.0 0.005913136587870997507820898141469383060401 -0.001188420611047839340672410001402475900752 0.0 0.0 0.000586005336913647583729508081360385912301 -7.299728146310411398788204160319024411569e-05
0 1 7 -0.0031647274682593752637169795313746454783 0.0006828867256165602815264371813419481110032 0.0 0.0 0.0 0.0 0.0 0.0 0.002920406013130488950425686427709977252858 -0.000537035092407685031159483155356227608423 0.005913136587870997507820898141469383060585 -0.001188420611047839340672410001402475900752 0.0 0.0 0.005913136587870997507820898141469383060401 -0.001188420611047839340672410001402475900752 0.0005860053369136475837295080813603859122895 -7.299728146310411398788204160319024411677e-05
1 1 7 0.0005363488974747852534136464595469740178378 -6.612526588028027072389474181464795753394e-05 0.002138992936474772676009095970988059796596 -0.000426904030063007843659744731063082222688 0.001554032721880660367857934367862295759704 -0.0003110406802377725628202928834707637159005 0.002138992936474772676009095970988059796596 -0.000426904030063007843659744731063082222688 0.0005363488974747852534136464595469740178378 -6.612526588028027072389474181464795753394e-05 0.001554032721880660367857934367862295759704 -0.0003110406802377725628202928834707637159005 0.00155403272188066036785793436786229575952 -0.0003110406802377725628202928834707637158833 0.00155403272188066036785793436786229575952 -0.0003110406802377725628202928834707637158833 -0.0008239538963616466387475258820342953213307 0.0002041306149311152670191802886143696484983
1 0 8 0.002251983337169632478875413126569611699406 -0.0004035260618603326912436208877796363897467 0.0 -7.174648137343063403129495466444370592155e-43 0.005249576799068664625553179304578020666999 -0.001054184125666590017966003407672602057278 0.0 0.0 -0.002859197553447833527286469466062798392757 0.0006202898140279194315140974488488072607427 0.0 0.0 0.005249576799068664625553179304578020667182 -0.001054184125666590017966003407672602057255 0.0 0.0 0.0009368663689820517771044224213455029894908 -0.0001439754384818881257676969981345658024468
1 1 12 8.285248652565510426519586800318687877261e-05 2.257452198555865838328216890540350902865e-05 0.001189370974626981774808596317035473664386 -0.0002362329003477273152173549021064339827359 0.001266692884978068187357558750731900841827 -0.000252257056362039826768206307431768974182 0.001189370974626981774808596317035473664386 -0.0002362329003477273152173549021064339827359 8.285248652565510426519586800318687877261e-05 2.257452198555865838328216890540350902865e-05 0.001266692884978068187357558750731900841827 -0.000252257056362039826768206307431768974182 0.001266692884978068187357558750731900841827 -0.000252257056362039826768206307431768974182 0.001266692884978068187357558750731900841827 -0.000252257056362039826768206307431768974182 5.675932465003915271034312656533189976154e-05 2.63856112272829334164228127200997380189e-05
0 1 8 -0.002859197553447833527286469466062798392757 0.0006202898140279194315140974488488072607427 0.0 0.0 0.0 0.0 0.0 -7.174648137343063403129495466444370592155e-43 0.002251983337169632478875413126569611699406 -0.0004035260618603326912436208877796363897467 0.005249576799068664625553179304578020666999 -0.001054184125666590017966003407672602057278 0.0 0.0 0.005249576799068664625553179304578020667182 -0.001054184125666590017966003407672602057255 0.0009368663689820517771044224213455029894908 -0.000143975438481888125767696998134565802446
1 1 8 0.0004143909086134966671373174542526664642129 -4.205212628609261919552636786294788293416e-05 0.001903890378066085154358129265895668013917 -0.0003796449316000944870100423405996295379342 0.001518972072011771285704697800201412978028 -0.0003037348062990782145259806674805964427456 0.001903890378066085154358129265895668013917 -0.0003796449316000944870100423405996295379342 0.0004143909086134966671373174542526664642129 -4.205212628609261919552636786294788293416e-05 0.001518972072011771285704697800201412978028 -0.0003037348062990782145259806674805964427456 0.001518972072011771285704697800201412977845 -0.0003037348062990782145259806674805964427456 0.001518972072011771285704697800201412977845 -0.0003037348062990782145259806674805964427456 -0.000584974818165409428746847712044680278491 0.0001559284773466534375962597771145323253838
0 0 9 -0.006470356488999765890284316596524079109498 0.001361355485665295283124862582202402524076 0.0 0.0 0.0 0.0 0.0 0.0 -0.006470356488999765890284316596524079109498 0.001361355485665295283124862582202402524076 0.0 0.0 0.0 0.0 0.0 0.0 0.01343390742217065652562366808958522065889 -0.002648878451715665550603253816689228273422
1 0 9 0.001729953459331177294418717475793785149375 -0.0002995307987215090098850746183885478132292 0.0 -3.587324068671531701564747733222185296077e-43 0.004664656595465923233304773891079997366895 -0.0009359214073617989677878821661064313484021 0.0 0.0 -0.002583731611675367072788147395454851125677 0.0005637976163587744723558926196263306971925 0.0 0.0 0.004664656595465923233304773891079997366895 -0.0009359214073617989677878821661064313483907 0.0 0.0 0.001171636665953619763050834531194779856702 -0.0001915518200441393712575231588785004831675
0 1 9 -0.002583731611675367072788147395454851125677 0.0005637976163587744723558926196263306971925 0.0 0.0 0.0 0.0 0.0 -3.587324068671531701564747733222185296077e-43 0.001729953459331177294418717475793785149375 -0.0002995307987215090098850746183885478132292 0.004664656595465923233304773891079997366895 -0.0009359214073617989677878821661064313484021 0.0 0.0 0.004664656595465923233304773891079997366895 -0.0009359214073617989677878821661064313483907 0.001171636665953619763050834531194779856702 -0.0001915518200441393712575231588785004831675
1 1 9 0.0003098521311282969865960430627013716212896 -2.151402796953411203804070274114808426419e-05 0.001693425860459837541897480644770504115508 -0.0003373652972570267888229563213397205271716 0.001468121792567856771450354048137748565878 -0.0002932811346999034149349584453218261690237 0.001693425860459837541897480644770504115508 -0.0003373652972570267888229563213397205271716 0.0003098521311282969865960430627013716212896 -2.151402796953411203804070274114808426419e-05 0.001468121792567856771450354048137748565878 -0.0002932811346999034149349584453218261690237 0.001468121792567856771450354048137748566061 -0.0002932811346999034149349584453218261690237 0.001468121792567856771450354048137748566061 -0.0002932811346999034149349584453218261690237 -0.0003810530763772905213316915392172401284369 0.0001147896276469943132456031459378600147063
0 0 10 -0.00551598711374221469855675637118298742959 0.001166097495290211023562393765518183863604 0.0 0.0 0.0 0.0 0.0 0.0 -0.00551598711374221469855675637118298742959 0.001166097495290211023562393765518183863604 0.0 0.0 0.0 0.0 0.0 0.0 0.01149221371581269109633682769687571364578 -0.002258466314672025763733997596840394691314
1 0 10 0.001319394075418578235921490187127100702243 -0.000217987037044776533959209366406342763696 0.0 -1.793662034335765850782373866611092648039e-43 0.004148519298468450840716805251471265057145 -0.000831623402889397976801871722435314335544 0.0 0.0 -0.002335809252085052855434478715324207943725 0.0005129037606593122280665272470834284733442 0.0 0.0 0.004148519298468450840716805251471265056961 -0.0008316234028893979768018717224353143355268 0.0 0.0 0.001322793599871023114259962321032556535094 -0.0002222819981928569022610037457943940617304
0 1 10 -0.002335809252085052855434478715324207943725 0.0005129037606593122280665272470834284733442 0.0 0.0 0.0 0.0 0.0 -1.793662034335765850782373866611092648039e-43 0.001319394075418578235921490187127100702243 -0.000217987037044776533959209366406342763696 0.004148519298468450840716805251471265057145 -0.000831623402889397976801871722435314335544 0.0 0.0 0.004148519298468450840716805251471265056961 -0.0008316234028893979768018717224353143355268 0.001322793599871023114259962321032556535071 -0.0002222819981928569022610037457943940617304
1 1 10 0.0002209074979163323012185724505596677351665 -4.134698221700895438664931729083759147496e-06 0.001505528598586095175407539145203109105454 -0.0002996433157823529030805297473076821672453 0.001406658156203612978866650096695645628185 -0.0002807212966185998108454401729901644541038 0.001505528598586095175407539145203109105454 -0.0002996433157823529030805297473076821672453 0.0002209074979163323012185724505596677351665 -4.134698221700895438664931729083759147496e-06 0.001406658156203612978866650096695645628185 -0.0002807212966185998108454401729901644541038 0.001406658156203612978866650096695645628185 -0.0002807212966185998108454401729901644541153 0.001406658156203612978866650096695645628185 -0.0002807212966185998108454401729901644541153 -0.0002084743901238419190066014014805126386186 7.996170196822625465561337818763638636227e-05
0 0 11 -0.004730306636179681366760440602628616375504 0.001005222342820606668927124344550256789031 0.0 0.0 0.0 0.0 0.0 0.0 -0.004730306636179681366760440602628616375504 0.001005222342820606668927124344550256789031 0.0 0.0 0.0 0.0 0.0 0.0 0.009891402995854779019070370410678167798745 -0.0019368258712648549269636614317542381173
1 0 11 0.0009951211508012308019650635477782430699669 -0.0001538036534479775056736673679837612316716 0.0 -3.811531822963502432912544466548571877082e-43 0.003692819725126126746882595811229328617899 -0.0007395894660563118015482085133939638883118 0.0 0.0 -0.00211297590815163662526330484290220911514 0.0004671134672241340538190858129935321407384 0.0 0.0 0.003692819725126126746882595811229328617899 -0.0007395894660563118015482085133939638883232 0.0 0.0 0.001413115856190796976893167667183161625316 -0.0002407620165207067809675810012370690230153
0 1 11 -0.00211297590815163662526330484290220911514 0.0004671134672241340538190858129935321407384 0.0 0.0 0.0 0.0 0.0 -3.811531822963502432912544466548571877082e-43 0.0009951211508012308019650635477782430699669 -0.0001538036534479775056736673679837612316716 0.003692819725126126746882595811229328617899 -0.0007395894660563118015482085133939638883118 0.0 0.0 0.003692819725126126746882595811229328617899 -0.0007395894660563118015482085133939638883232 0.001413115856190796976893167667183161625316 -0.0002407620165207067809675810012370690230167
1 1 11 0.0001457955973294218397511834012379339463151 1.044781517962104212441349595513793052844e-05 0.001338163781642138540080318399706492817265 -0.0002660652148682518378024290341212666751394 0.001338519085103744731404974653103904567555 -0.0002668467090646232350421001191392680686156 0.001338163781642138540080318399706492817265 -0.0002660652148682518378024290341212666751394 0.0001457955973294218397511834012379339463151 1.044781517962104212441349595513793052844e-05 0.001338519085103744731404974653103904567555 -0.0002668467090646232350421001191392680686156 0.001338519085103744731404974653103904567555 -0.0002668467090646232350421001191392680686271 0.001338519085103744731404974653103904567555 -0.0002668467090646232350421001191392680686271 -6.36614962033872458054733976489142926528e-05 5.07209768517241516211218447948573397912e-05
0 0 12 -0.004078272100909555284343574303638870207022 0.0008716005183129059861651641728636042590274 0.0 0.0 0.0 0.0 0.0 0.0 -0.004078272100909555284343574303638870207022 0.0008716005183129059861651641728636042590274 0.0 0.0 0.0 0.0 0.0 0.0 0.008560895217223835226593784385188140606731 -0.001669697720470646470298645403547395916038
1 0 12 0.0007384089000711714686678751047714338277092 -0.0001031968732828716221365274011207874691493 0.0 0.0 0.003290345789830424690395577944459896281491 -0.0006583504480522595320881494044498750565812 0.0 0.0 -0.001912883532787343771262253750011288390686 0.0004259523513188587703613660355541619673578 0.0 0.0 0.003290345789830424690395577944459896281675 -0.0006583504480522595320881494044498750565697 0.0 0.0 0.001459011295491220937607624858374933503336 -0.0002503009865764161623054546702016722660446
0 1 12 -0.001912883532787343771262253750011288390686 0.0004259523513188587703613660355541619673578 0.0 0.0 0.0 0.0 0.0 0.0 0.0007384089000711714686678751047714338277092 -0.0001031968732828716221365274011207874691493 0.003290345789830424690395577944459896281491 -0.0006583504480522595320881494044498750565812 0.0 0.0 0.003290345789830424690395577944459896281675 -0.0006583504480522595320881494044498750565697 0.001459011295491220937607624858374933503324 -0.0002503009865764161623054546702016722660446
0 0 13 -0.003533412313587273647654830719229336830372 0.0007598437796768974630169421431983625009087 0.0 0.0 0.0 0.0 0.0 0.0 -0.003533412313587273647654830719229336830372 0.0007598437796768974630169421431983625009087 0.0 0.0 0.0 5.380986103007297552347121599833277944116e-43 0.0 5.380986103007297552347121599833277944116e-43 0.007447337732712557372004707090212712595485 -0.001446305058953089422395525741130741025791
1 0 13 0.0005350215322943660079871948642219419377951 -6.329181040063677409509235886841438279415e-05 0.0 3.587324068671531701564747733222185296077e-43 0.002934787236231241404208303250555023729711 -0.0005866215736829712045981645584785034920844 0.0 0.0 -0.001733319191222295186041289391744436255866 0.0003889725917573084293977282115312272509363 0.0 0.0 0.002934787236231241404208303250555023729528 -0.0005866215736829712045981645584785034920643 0.0 0.0 0.001472518939520263467043166648464981273233 -0.0002533257159705040160434595317102621470908
0 1 13 -0.001733319191222295186041289391744436255866 0.0003889725917573084293977282115312272509363 0.0 0.0 0.0 0.0 0.0 3.587324068671531701564747733222185296077e-43 0.0005350215322943660079871948642219419377951 -6.329181040063677409509235886841438279415e-05 0.002934787236231241404208303250555023729711 -0.0005866215736829712045981645584785034920844 0.0 0.0 0.002934787236231241404208303250555023729528 -0.0005866215736829712045981645584785034920643 0.001472518939520263467043166648464981273256 -0.0002533257159705040160434595317102621470936
1 1 13 3.053413396167151787994806605506365985984e-05 3.25611465895577157191967650895839819619e-05 0.00105729203804797164357760979949761485729 -0.0002097694886951541995507780899725630098477 0.001193428844187415784317441455942892702712 -0.0002374029347395704933892189111354613702887 0.00105729203804797164357760979949761485729 -0.0002097694886951541995507780899725630098477 3.053413396167151787994806605506365985984e-05 3.25611465895577157191967650895839819619e-05 0.001193428844187415784317441455942892702712 -0.0002374029347395704933892189111354613702887 0.001193428844187415784317441455942892702712 -0.0002374029347395704933892189111354613702887 0.001193428844187415784317441455942892702712 -0.0002374029347395704933892189111354613702887 0.0001559144018767045669362938956657931729693 6.324330688333635364001620391907606172384e-06
0 0 14 -0.003075345568714675794712807157852346531267 0.0006658016142211244960351640148791843142599 0.0 0.0 0.0 0.0 0.0 0.0 -0.003075345568714675794712807157852346531267 0.0006658016142211244960351640148791843142599 0.0 0.0 0.0 0.0 0.0 0.0 0.006509624124478395545635058284816783849837 -0.001258346592233658917146093904274722416464
1 0 14 0.0003739613238951592694673266008613357584918 -3.186895034583260384116343302166866186282e-05 0.0 3.587324068671531701564747733222185296077e-43 0.00262058565078638949499917804690551315365 -0.0005232717922601888187511379430756557682059 0.0 0.0 -0.001572222907947073435792292139369572438665 0.0003557568043552906561267999769558850944997 0.0 0.0 0.00262058565078638949499917804690551315365 -0.0005232717922601888187511379430756557682002 0.0 0.0 0.001462582511411044241113359917589544843621 -0.0002516380975867069410921225267020041423191
0 1 14 -0.001572222907947073435792292139369572438665 0.0003557568043552906561267999769558850944997 0.0 0.0 0.0 0.0 0.0 3.587324068671531701564747733222185296077e-43 0.0003739613238951592694673266008613357584918 -3.186895034583260384116343302166866186282e-05 0.00262058565078638949499917804690551315365 -0.0005232717922601888187511379430756557682059 0.0 0.0 0.00262058565078638949499917804690551315365 -0.0005232717922601888187511379430756557682002 0.001462582511411044241113359917589544843621 -0.0002516380975867069410921225267020041423162
1 1 14 -1.257086810815327656825237291393389402804e-05 4.069573095488135258386790778213390018463e-05 0.0009401896510492395847814761521036721821014 -0.0001863229530753711795233294826148147371868 0.00112039744534983261682632778345896844657 -0.0002226182788947627018455331013404307306641 0.0009401896510492395847814761521036721821014 -0.0001863229530753711795233294826148147371868 -1.257086810815327656825237291393389402804e-05 4.069573095488135258386790778213390018463e-05 0.00112039744534983261682632778345896844657 -0.0002226182788947627018455331013404307306641 0.00112039744534983261682632778345896844657 -0.0002226182788947627018455331013404307306641 0.00112039744534983261682632778345896844657 -0.0002226182788947627018455331013404307306641 0.0002366582140043587758861560769624390674349 -1.003877945608756430839456224544164170974e-05
0 0 15 -0.002688141522990355675507396613530564384736 0.0005862287326851682822618174144511577619352 0.0 0.0 0.0 0.0 0.0 0.0 -0.002688141522990355675507396613530564384736 0.0005862287326851682822618174144511577619352 0.0 0.0 0.0 0.0 0.0 0.0 0.005715605160435866265704009027413656857897 -0.001099331513323358950254567580776071631745
1 0 15 0.0002466322444785647085186989033168016687642 -7.194749320738456744883154634072116645239e-06 0.0 0.0 0.002342829913561474937941277817127087680488 -0.0004673023557564254996817197129662334501516 0.0 0.0 -0.001427696588860979713987795055564301108954 0.0003259200287484993400035651433222492566191 0.0 0.0 0.002342829913561474937941277817127087680488 -0.0004673023557564254996817197129662334501401 0.0 0.0 0.001435898528246432900953386031688977874051 -0.00024658649619221400427607659579904313134
0 1 15 -0.001427696588860979713987795055564301108954 0.0003259200287484993400035651433222492566191 0.0 0.0 0.0 0.0 0.0 0.0 0.0002466322444785647085186989033168016687642 -7.194749320738456744883154634072116645239e-06 0.002342829913561474937941277817127087680488 -0.0004673023557564254996817197129662334501516 0.0 0.0 0.002342829913561474937941277817127087680488 -0.0004673023557564254996817197129662334501401 0.001435898528246432900953386031688977874039 -0.0002465864961922140042760765957990431313415
1 1 15 -4.77364193044088263287026812209530726039e-05 4.723779871287832976184304253791682993734e-05 0.0008364578832411654629132741293798153353389 -0.0001655681751192329179159261899535114165987 0.001048815465796895111535912782060740144427 -0.0002081456669827487834834806146788806527202 0.0008364578832411654629132741293798153353389 -0.0001655681751192329179159261899535114165987 -4.77364193044088263287026812209530726039e-05 4.723779871287832976184304253791682993734e-05 0.001048815465796895111535912782060740144427 -0.0002081456669827487834834806146788806527202 0.001048815465796895111535912782060740144427 -0.0002081456669827487834834806146788806527202 0.001048815465796895111535912782060740144427 -0.0002081456669827487834834806146788806527202 0.0003015645008965961044718255363390893107847 -2.32226031391453475932587065998775660184e-05
1 0 16 0.0001462578537163364119300778471625646058173 1.209627796092324138144728667124981974441e-05 0.0 0.0 0.002097177369152039714196412380313117824437 -0.0004178306358620592445437014084230374333997 0.0 0.0 -0.001298005943150279855477025115310068832627 0.0002991102436488454704655200125347017470821 0.0 0.0 0.002097177369152039714196412380313117824437 -0.0004178306358620592445437014084230374333883 0.0 0.0 0.001397502419308621384445164360918646536137 -0.0002391841745038381844585006918762672304601
0 1 16 -0.001298005943150279855477025115310068832627 0.0002991102436488454704655200125347017470821 0.0 0.0 0.0 0.0 0.0 0.0 0.0001462578537163364119300778471625646058173 1.209627796092324138144728667124981974441e-05 0.002097177369152039714196412380313117824437 -0.0004178306358620592445437014084230374333997 0.0 0.0 0.002097177369152039714196412380313117824437 -0.0004178306358620592445437014084230374333883 0.001397502419308621384445164360918646536125 -0.000239184174503838184458500691876267230463
1 1 16 -7.60999681773837577899634839147398578142e-05 5.241869981390450801427163578683013468832e-05 0.0007446263711657883538869362133986264587026 -0.0001472077163740027322453259633878173172624 0.0009795450849292017231268970759739248005665 -0.0001941563540583244433362857991926765126399 0.0007446263711657883538869362133986264587026 -0.0001472077163740027322453259633878173172624 -7.60999681773837577899634839147398578142e-05 5.241869981390450801427163578683013468832e-05 0.0009795450849292017231268970759739248005665 -0.0001941563540583244433362857991926765126399 0.0009795450849292017231268970759739248005665 -0.0001941563540583244433362857991926765126399 0.0009795450849292017231268970759739248005665 -0.0001941563540583244433362857991926765126399 0.000352929172776421659833221116843663782718 -3.368968333112173903869550427572076712603e-05
0 0 17 -0.002078450063925707334990293683422237404511 0.0004607344781362390280241168574642576946442 0.0 0.0 0.0 0.0 0.0 0.0 -0.002078450063925707334990293683422237404511 0.0004607344781362390280241168574642576946442 0.0 0.0 0.0 0.0 0.0 0.0 0.004461968497229059358263774994739167631446 -0.0008486180782117230848435743321562962706029
1 0 17 6.746240601256975086159267812710910950767e-05 2.708640995050294285927824334748548365381e-05 0.0 0.0 0.001879789948318738922965662076252693038735 -0.0003740769996181431539652857085903601249312 0.0 0.0 -0.00118157720904175195885994122196436609648 0.000275007792524210014654393327343561057255 0.0 0.0 0.001879789948318738922965662076252693038735 -0.0003740769996181431539652857085903601249312 0.0 0.0 0.00135118572140096773760685181185882284874 -0.0002301935691842159439465386312238617580152
0 1 17 -0.001181577209041751958859941221964366093541 0.0002750077925242100146543933273435610561529 0.0 0.0 0.0 0.0 0.0 0.0 6.74624060125697508615926781271091124464e-05 2.708640995050294285927824334748548255178e-05 0.001879789948318738922965662076252693038735 -0.0003740769996181431539652857085903601249312 0.0 0.0 0.001879789948318738922965662076252693038735 -0.0003740769996181431539652857085903601249312 0.001351185721400967737606851811858822848729 -0.0002301935691842159439465386312238617580123
1 1 17 -9.866780797731500191871626985697534969204e-05 5.644279296927169723932664533878407258498e-05 0.0006633595953492991230036889280255011454168 -0.0001309716108693634103971027833247869040168 0.0009131729185003390524417324505733955834383 -0.0001807662361000224492643441685516900546428 0.0006633595953492991230036889280255011454168 -0.0001309716108693634103971027833247869040168 -9.866780797731500191871626985697534969204e-05 5.644279296927169723932664533878407258498e-05 0.0009131729185003390524417324505733955834383 -0.0001807662361000224492643441685516900546428 0.0009131729185003390524417324505733955834383 -0.0001807662361000224492643441685516900546428 0.0009131729185003390524417324505733955834383 -0.0001807662361000224492643441685516900546428 0.0003927816113941801068481018156123574571706 -4.184858720256863995096889222482642791283e-05
0 0 18 -0.001837788028628357672002262900989084629691 0.0004111075888956914569507867040720416149694 0.0 0.0 0.0 0.0 0.0 0.0 -0.001837788028628357672002262900989084629691 0.0004111075888956914569507867040720416149694 0.0 0.0 0.0 0.0 0.0 0.0 0.003965616792416414620818376190397009262949 -0.0007495083754392210142944151563134309401737
1 0 18 5.961276734333092104425677734450985611582e-06 3.863741875524227528204566771181551828296e-05 0.0 0.0 0.001687279478690276790353073888187597284708 -0.0003353535751990848415324209267196771618849 0.0 0.0 -0.001076990249456623996227303254153775220673 0.0002533240479932375745702352470873357083658 0.0 0.0 0.001687279478690276790353073888187597284708 -0.0003353535751990848415324209267196771618849 0.0 0.0 0.001299799934140648762488877481924238674105 -0.0002201876543901210000701666520864389870971
0 1 18 -0.00107699024945662399622730325415377522655 0.0002533240479932375745702352470873357105699 0.0 0.0 0.0 0.0 0.0 0.0 5.96127673433309210442567773445097973411e-06 3.863741875524227528204566771181552048701e-05 0.001687279478690276790353073888187597284708 -0.0003353535751990848415324209267196771618849 0.0 0.0 0.001687279478690276790353073888187597284708 -0.0003353535751990848415324209267196771618849 0.001299799934140648762488877481924238674111 -0.0002201876543901210000701666520864389870956
1 1 18 -0.0001163231753737659088321207236496970055583 5.948917743296379438521414936289356028572e-05 0.000591452593162437527060690075461248104723 -0.0001166164475400019569984441800040000756911 0.0008500731395424557950439408778270464929505 -0.0001680485896553289560222465637108554713066 0.000591452593162437527060690075461248104723 -0.0001166164475400019569984441800040000756911 -0.0001163231753737659088321207236496970055583 5.948917743296379438521414936289356028572e-05 0.0008500731395424557950439408778270464929505 -0.0001680485896553289560222465637108554713066 0.0008500731395424557950439408778270464929505 -0.0001680485896553289560222465637108554713066 0.0008500731395424557950439408778270464929505 -0.0001680485896553289560222465637108554713066 0.000422901495139317031325612764392932559321 -4.805736979906120682310674049006060268825e-05
0 0 19 -0.001630636207861801996177442737771899880088 0.0003683349622694568845328511720555337100535 0.0 0.0 0.0 0.0 0.0 0.0 -0.001630636207861801996177442737771899880088 0.0003683349622694568845328511720555337100535 0.0 0.0 0.0 0.0 0.0 0.0 0.003537473844738307088007961706071577165664 -0.0006641113809359278061783232209749207541448
1 0 19 -4.167261206922752003436676217738586193071e-05 4.74378683316833217806466522007296916695e-05 0.0 0.0 0.001516659196626910056747875481395500033823 -0.0003010542999918629338808157879799252848221 0.0 0.0 -0.0009829693017605028314395246311146268590148 0.000233799582621299673366514928988736781625 0.0 0.0 0.001516659196626910056747875481395500033823 -0.0003010542999918629338808157879799252848221 0.0 0.0 0.001245481736504539460757861620899685024479 -0.0002095954094772492449485186162671712130958
0 1 19 -0.000982969301760502831439524631114626856076 0.0002337995826212996733665149289887367805229 0.0 0.0 0.0 0.0 0.0 0.0 -4.167261206922752003436676217738585899198e-05 4.743786833168332178064665220072969056747e-05 0.001516659196626910056747875481395500033823 -0.0003010542999918629338808157879799252848221 0.0 0.0 0.001516659196626910056747875481395500033823 -0.0003010542999918629338808157879799252848221 0.00124548173650453946075786162089968502449 -0.0002095954094772492449485186162671712130944
1 1 19 -0.0001298360052651725519452400817326371391881 6.171374422291923670660276695677996191031e-05 0.0005278242352247218997152325638261286984603 -0.0001039239692240813052286745382955928227541 0.0007904578027903703206187112240198066921118 -0.0001560442202940356064377128763322461960552 0.0005278242352247218997152325638261286984603 -0.0001039239692240813052286745382955928227541 -0.0001298360052651725519452400817326371391881 6.171374422291923670660276695677996191031e-05 0.0007904578027903703206187112240198066921118 -0.0001560442202940356064377128763322461960552 0.0007904578027903703206187112240198066921118 -0.0001560442202940356064377128763322461960552 0.0007904578027903703206187112240198066921118 -0.0001560442202940356064377128763322461960552 0.0004448388594509084453834790559151448717228 -5.262767646539700050829229997821796494084e-05
