5 64 0 1 0 1 18 23.56538766902993 0.08380583137114759169176958104117421335841 0.003110907573274873571025016906519021124342 0.0 0.0 1.469367938527859384960920671527807097273e-39 0.0 0.0 0.0 -0.03337074603591880824659475293995551487359 0.003035426459436037625385917077145739613658 0.0 0.0 0.0 0.0 0.0 0.0 -0.03337074603591880824659475293995551487359 0.003035426459436037625385917077145739613658
5 64 1 64 0 1 18 24.371996396236945 0.07675785873885413853908906079554140148817 0.003104872208371604719028802910315815585442 0.02004437146427287403587841478101438247882 1.508581785343882543952560277241050416088e-05 0.0 0.0 0.02004437146427287403587841478101438247992 1.508581785343882543952560277241050287518e-05 -0.02839169605082810266971213022828989203749 0.003032460403940041685367573941330705343517 -3.673419846319648462402301678819517743183e-40 0.0 0.0 0.0 0.0 0.0 -0.03169719217104515898939377210405213742406 0.00302944324549655697156680869800932076483
7 64 0 1 0 1 19 39.7010573476231 0.03493000992457761621425361334148586972486 0.003039043949465754087816227541267782148867 0.0 -3.673419846319648462402301678819517743183e-40 0.0 3.673419846319648462402301678819517743183e-40 0.0 0.0 -0.0120990861685364219959088487530707665328 0.002893539052317154545200062291261424401784 0.0 0.0 0.0 0.0 0.0 0.0 -0.0120990861685364219959088487530707665328 0.002893539052317154545200062291261424401784
5 64 5 64 0 1 20 40.46471974944683 0.01124977316054819213769018266233978574011 0.002961889779436237441591825365888356091074 0.0235348340877381201467329400738010412313 7.418583398369853703022721963837439551041e-05 7.346839692639296924804603357639035486367e-40 0.0 0.02353483408773812014673294007380104123056 7.418583398369853703022721963837439551041e-05 0.01124977316054819213769018266233978574011 0.002961889779436237441591825365888356091074 7.346839692639296924804603357639035486367e-40 0.0 0.0 0.0 0.0 0.0 -0.01190948509238428505331831809984949895588 0.002887704071403959814042208719159495838677
7 64 1 64 0 1 20 40.30678445880443 0.033200604361553566872418175293261445851 0.003033108058368407617981084803095821542004 0.006262066223115262864333726221882723515184 2.077203351322311389702396057999987337905e-05 0.0 0.0 0.006262066223115262864333726221882723514082 2.077203351322311389702396057999987411374e-05 -0.01089431989797612516115927361579561054858 0.002890671495417478915635352225329686114104 0.0 1.836709923159824231201150839409758871592e-40 0.0 0.0 0.0 0.0 -0.01174066943475984451408238413401716290415 0.002887704067167386416951859274951950745491
-5 64 0 1 0 1 18 23.56538766902993 0.08380583137114759169176958104117421335841 0.003110907573274873571025016906519021124342 0.0 0.0 -1.469367938527859384960920671527807097273e-39 0.0 0.0 0.0 -0.03337074603591880824659475293995551487359 0.003035426459436037625385917077145739613658 0.0 0.0 0.0 0.0 0.0 0.0 -0.03337074603591880824659475293995551487359 0.003035426459436037625385917077145739613658
-5 64 1 64 0 1 18 24.371996396236945 0.0767578587388541385390890607955414014889 0.003104872208371604719028802910315815585442 -0.02004437146427287403587841478101438247882 -1.508581785343882543952560277241050416088e-05 0.0 0.0 -0.02004437146427287403587841478101438247992 -1.508581785343882543952560277241050287518e-05 -0.02839169605082810266971213022828989203675 0.003032460403940041685367573941330705343517 3.673419846319648462402301678819517743183e-40 0.0 0.0 0.0 0.0 0.0 -0.03169719217104515898939377210405213742406 0.00302944324549655697156680869800932076483
5 64 -1 64 0 1 18 24.371996396236945 0.0767578587388541385390890607955414014889 0.003104872208371604719028802910315815585442 -0.02004437146427287403587841478101438247882 -1.508581785343882543952560277241050416088e-05 -7.346839692639296924804603357639035486367e-40 0.0 -0.02004437146427287403587841478101438247992 -1.508581785343882543952560277241050287518e-05 -0.02839169605082810266971213022828989203749 0.00303246040394004168536757394133070534315 3.673419846319648462402301678819517743183e-40 0.0 0.0 0.0 0.0 0.0 -0.03169719217104515898939377210405213742442 0.003029443245496556971566808698009320764463
-5 64 -1 64 0 1 18 24.371996396236945 0.07675785873885413853908906079554140148964 0.003104872208371604719028802910315815585442 0.02004437146427287403587841478101438247882 1.508581785343882543952560277241050416088e-05 7.346839692639296924804603357639035486367e-40 0.0 0.02004437146427287403587841478101438248029 1.508581785343882543952560277241050287518e-05 -0.02839169605082810266971213022828989203675 0.00303246040394004168536757394133070534315 -3.673419846319648462402301678819517743183e-40 0.0 0.0 0.0 0.0 0.0 -0.03169719217104515898939377210405213742516 0.003029443245496556971566808698009320764463
-7 64 0 1 0 1 19 39.7010573476231 0.03493000992457761621425361334148586972192 0.003039043949465754087816227541267782148867 0.0 3.673419846319648462402301678819517743183e-40 0.0 -3.673419846319648462402301678819517743183e-40 0.0 0.0 -0.01209908616853642199590884875307076653427 0.002893539052317154545200062291261424401784 0.0 0.0 0.0 0.0 0.0 0.0 -0.01209908616853642199590884875307076653427 0.002893539052317154545200062291261424401784
-5 64 5 64 0 1 20 40.46471974944683 0.01124977316054819213769018266233978574121 0.002961889779436237441591825365888356091074 -0.0235348340877381201467329400738010412313 -7.418583398369853703022721963837439551041e-05 -7.346839692639296924804603357639035486367e-40 0.0 -0.02353483408773812014673294007380104123056 -7.418583398369853703022721963837439551041e-05 0.01124977316054819213769018266233978574084 0.002961889779436237441591825365888356091074 -1.102025953895894538720690503645855322955e-39 0.0 0.0 0.0 0.0 0.0 -0.01190948509238428505331831809984949895551 0.002887704071403959814042208719159495838677
5 64 -5 64 0 1 20 40.46471974944683 0.01124977316054819213769018266233978574084 0.002961889779436237441591825365888356091074 -0.0235348340877381201467329400738010412313 -7.418583398369853703022721963837439551041e-05 -7.346839692639296924804603357639035486367e-40 0.0 -0.02353483408773812014673294007380104123056 -7.418583398369853703022721963837439551041e-05 0.01124977316054819213769018266233978574121 0.002961889779436237441591825365888356091074 -9.183549615799121156005754197048794357958e-40 0.0 0.0 0.0 0.0 0.0 -0.01190948509238428505331831809984949895515 0.002887704071403959814042208719159495838677
-5 64 -5 64 0 1 20 40.46471974944683 0.01124977316054819213769018266233978574048 0.002961889779436237441591825365888356091074 0.0235348340877381201467329400738010412313 7.418583398369853703022721963837439551041e-05 7.346839692639296924804603357639035486367e-40 0.0 0.02353483408773812014673294007380104123056 7.418583398369853703022721963837439551041e-05 0.01124977316054819213769018266233978574048 0.002961889779436237441591825365888356091074 1.102025953895894538720690503645855322955e-39 0.0 0.0 0.0 0.0 0.0 -0.01190948509238428505331831809984949895551 0.002887704071403959814042208719159495838677
-7 64 1 64 0 1 20 40.30678445880443 0.033200604361553566872418175293261445851 0.003033108058368407617981084803095821541821 -0.006262066223115262864333726221882723515184 -2.077203351322311389702396057999987337905e-05 1.836709923159824231201150839409758871592e-40 0.0 -0.006262066223115262864333726221882723514082 -2.077203351322311389702396057999987411374e-05 -0.01089431989797612516115927361579561054931 0.002890671495417478915635352225329686114104 3.673419846319648462402301678819517743183e-40 0.0 0.0 0.0 0.0 0.0 -0.01174066943475984451408238413401716290488 0.002887704067167386416951859274951950745307
7 64 -1 64 0 1 20 40.30678445880443 0.03320060436155356687241817529326144585063 0.003033108058368407617981084803095821542004 -0.006262066223115262864333726221882723515184 -2.077203351322311389702396057999987337905e-05 7.346839692639296924804603357639035486367e-40 0.0 -0.006262066223115262864333726221882723514082 -2.077203351322311389702396057999987411374e-05 -0.01089431989797612516115927361579561054931 0.002890671495417478915635352225329686114288 0.0 -1.836709923159824231201150839409758871592e-40 0.0 0.0 0.0 0.0 -0.01174066943475984451408238413401716290452 0.002887704067167386416951859274951950745675
-7 64 -1 64 0 1 20 40.30678445880443 0.03320060436155356687241817529326144585173 0.003033108058368407617981084803095821541821 0.006262066223115262864333726221882723515184 2.077203351322311389702396057999987337905e-05 -7.346839692639296924804603357639035486367e-40 0.0 0.006262066223115262864333726221882723514082 2.077203351322311389702396057999987411374e-05 -0.01089431989797612516115927361579561054858 0.002890671495417478915635352225329686114288 -3.673419846319648462402301678819517743183e-40 0.0 0.0 0.0 0.0 0.0 -0.01174066943475984451408238413401716290488 0.002887704067167386416951859274951950745491
