-19 64 0 1 0 1 34 14.668148268075958 7.141350372497964757444065692775656432639e-05 0.0001796350803236517656469938477418814141253 0.0 0.0 0.0 0.0 1.147943701974890144500719274631099294745e-41 -2.869859254937225361251798186577748236862e-42 -0.0001204156375015624436335663610390158160911 0.0001099851628505684968252534959326515432576 0.0 0.0 1.147943701974890144500719274631099294745e-41 -2.869859254937225361251798186577748236862e-42 0.0 0.0 -0.0001204156375015624436335663610390158160911 0.0001099851628505684968252534959326515432576
-21 64 0 1 0 1 34 16.62857229388119 4.809011841362824863118107464485997388022e-05 0.0001645240782651645500246966798677501655223 0.0 0.0 0.0 0.0 0.0 0.0 -0.0001306248586872500329242762919438063010663 8.429609053921495385031763332485684161674e-05 0.0 0.0 -7.174648137343063403129495466444370592155e-42 2.008901478456057752876258730604423765803e-41 0.0 0.0 -0.0001306248586872500329242762919438063010663 8.429609053921495385031763332485684161674e-05
-23 64 0 1 0 1 35 18.456888368507673 2.674313931455176144199015841883305005859e-05 0.0001489044282657149943350078104140328676554 0.0 0.0 0.0 0.0 0.0 -2.869859254937225361251798186577748236862e-42 -0.0001358720218611543258931916707574974026505 5.878154234902651013678191445270146544074e-05 0.0 0.0 2.152394441202919020938848639933311177646e-42 1.147943701974890144500719274631099294745e-41 0.0 0.0 -0.0001358720218611543258931916707574974026505 5.878154234902651013678191445270146544074e-05
-19 64 -15 64 0 1 37 20.950726808089446 -6.41235890918496466077208199985715559748e-06 0.000102721850504887194399585193009860392024 0.0001004101896514087966848789162681420476398 4.687681069624591371030251269531162384069e-05 0.0 0.0 0.0001004101896514087966848789162681420476477 4.68768106962459137103025126953116238737e-05 -0.0001007505518930908989061601624414099001754 8.0527533204607536779937276186739403844e-05 0.0 0.0 0.0 -2.869859254937225361251798186577748236862e-42 0.0 7.174648137343063403129495466444370592155e-42 -0.0001276923537102484469112727719352766402884 4.388752682687865166825788434910001057822e-05
-25 64 0 1 0 1 36 20.151255150796345 7.897019815212993663518353219335746646025e-06 0.0001330047506686082565485417748166583915804 0.0 0.0 0.0 0.0 -2.547000088756787508110970890587751560215e-41 5.739718509874450722503596373155496473724e-42 -0.000136626203466278391402316151411173105198 3.400832497518511759721493815548420416923e-05 0.0 0.0 1.147943701974890144500719274631099294745e-41 -2.29588740394978028900143854926219858949e-41 0.0 0.0 -0.000136626203466278391402316151411173105198 3.400832497518511759721493815548420416923e-05
-21 64 -15 64 0 1 37 21.933501320472043 -1.940899483151820856020329434131309034892e-05 9.216241382629365836553860521126010834226e-05 7.929193170530476613607030272822655282648e-05 4.872961475168852549486409522022847477384e-05 0.0 0.0 7.929193170530476613607030272822655284155e-05 4.87296147516885254948640952202284747681e-05 -0.0001038614884171935023299133029149547817296 5.90072940311781693599447326319066990203e-05 0.0 0.0 -9.327042578545982424068344106377681769801e-42 0.0 0.0 0.0 -0.000129168715485389718197482957978131819302 2.45637500209514938376440302126780834694e-05
-19 64 -19 64 0 1 38 22.908813332857573 -6.451044544602758944176056162578096324919e-05 6.520517732614239171697265147035589609521e-05 8.761353710322179045112985235503820181528e-05 5.346933555887291715157884976559336656807e-05 0.0 -4.484155085839414626955934666527731620097e-44 8.761353710322179045112985235503820181528e-05 5.346933555887291715157884976559336656807e-05 -6.451044544602758944176056162578096324919e-05 6.520517732614239171697265147035589609521e-05 0.0 4.484155085839414626955934666527731620097e-44 0.0 0.0 0.0 0.0 -0.0001269640003451217797161995356166576889342 1.226835301214253373968509133846698146842e-05
-23 64 -15 64 0 1 38 22.957799396992268 -2.869152455027302561389528280780417105213e-05 8.131491250557252515260603797169035417054e-05 6.343899606170791387476784114467941292945e-05 4.983259371403900936325638269141490672172e-05 0.0 0.0 6.343899606170791387476784114467941291402e-05 4.983259371403900936325638269141490665571e-05 -0.000105885117791989795411806863950461391687 3.77424409190831460858305452269239989681e-05 0.0 -3.363116314379560970216950999895798715073e-44 0.0 2.869859254937225361251798186577748236862e-42 7.174648137343063403129495466444370592155e-42 -2.29588740394978028900143854926219858949e-41 -0.0001272147671799808968538644789429732536494 5.600964539144674321757228181368492639272e-06
-29 64 0 1 0 1 37 23.16330042875233 -2.135954177589005890077732071711225167402e-05 0.0001012631815552933777576429254855192899092 0.0 0.0 0.0 0.0 7.533380544210216573285970239766589121763e-42 0.0 -0.0001265527500722311535552002116253732385519 -1.122416707306130405933159266206665765885e-05 0.0 0.0 7.89211295107736974344244501308880765137e-42 -2.869859254937225361251798186577748236862e-42 0.0 0.0 -0.0001265527500722311535552002116253732385519 -1.122416707306130405933159266206665765885e-05
-25 64 -15 64 0 1 38 23.98621621268927 -3.580084354585480198222558360928103121342e-05 7.03520316139809481555659765399730112351e-05 5.038406618250149766785812752494401853283e-05 5.018850322529790666346016760549322515029e-05 0.0 0.0 5.038406618250149766785812752494401852476e-05 5.018850322529790666346016760549322513522e-05 -0.0001052856768736770234888344116555790743027 1.722530089282068518654347635251905486477e-05 0.0 0.0 -1.470802868155327997641546570621095971392e-41 0.0 0.0 0.0 -0.0001221881138968266642751983064674524821479 -1.253567019424326528455036488649805284465e-05
-21 64 -21 64 0 1 39 24.628236827257314 -6.986521009757259034063123990806390725594e-05 3.898773611315121663974994712597369810706e-05 6.245972145849617300679267335811599354507e-05 5.752342493854325879661617170252874818151e-05 0.0 0.0 6.245972145849617300679267335811599354435e-05 5.752342493854325879661617170252874818151e-05 -6.986521009757259034063123990806390725594e-05 3.898773611315121663974994712597369810706e-05 0.0 0.0 0.0 -1.434929627468612680625899093288874118431e-41 -4.304788882405838041877697279866622355293e-42 0.0 -0.000118681491544101246162016199186997433452 -1.793159781310865176106544503821749670873e-05
-29 64 -15 64 0 1 39 25.987135241676445 -4.486927730621364833052210769388970334643e-05 4.875246428219705255488128033626149248689e-05 2.923857242779971223205621532585446716964e-05 4.87441232693162874143785111244928315111e-05 0.0 0.0 2.923857242779971223205621532585446720551e-05 4.874412326931628741437851112449283153585e-05 -9.556757653832794434688618373226011986007e-05 -1.976322115970248874277466208876247699648e-05 0.0 0.0 -2.726366292190364093189208277248860825019e-41 2.869859254937225361251798186577748236862e-42 -7.174648137343063403129495466444370592155e-43 1.793662034335765850782373866611092648039e-41 -0.0001043104169910730922808366717417004066081 -4.46373488384839841957538355038064039568e-05
-33 64 0 1 0 1 38 25.73912858844824 -3.946612639298454452839527771516060535675e-05 7.100258165043890603339992599445896611739e-05 0.0 0.0 0.0 0.0 -1.434929627468612680625899093288874118431e-42 -2.869859254937225361251798186577748236862e-41 -0.0001042701560691789559018522576875647456376 -4.7761080522688599416856090480926273142e-05 0.0 0.0 -3.946056475538684871721222506544403825685e-41 2.869859254937225361251798186577748236862e-42 0.0 0.0 -0.0001042701560691789559018522576875647456376 -4.7761080522688599416856090480926273142e-05
-25 64 -25 64 0 1 41 27.695363547597545 -6.344917841527930144271442670125451743592e-05 -4.427853597693651144307385163155268848786e-06 2.598792321322036659419356733129986235977e-05 5.976945627043155885731310313230151528746e-05 0.0 0.0 2.598792321322036659419356733129986235977e-05 5.976945627043155885731310313230151528746e-05 -6.344917841527930144271442670125451743592e-05 -4.427853597693651144307385163155268848786e-06 0.0 0.0 -3.587324068671531701564747733222185296077e-42 1.793662034335765850782373866611092648039e-41 1.076197220601459510469424319966655588823e-41 3.587324068671531701564747733222185296077e-42 -8.413669796933039294337901346230800854939e-05 -6.347784201352655318119995009909551901947e-05
-33 64 -15 64 0 1 41 27.862788173563818 -4.796882389026711941077229550312340490271e-05 2.862474724067694155010251970984359612595e-05 1.26685463573483249935066987074129921113e-05 4.470265207130152195339616480376782234613e-05 0.0 0.0 1.266854635734832499350669870741299205103e-05 4.470265207130152195339616480376782231402e-05 -7.603033984739773376375157653709477191875e-05 -4.885034925160581944319958454648227552796e-05 0.0 0.0 0.0 0.0 0.0 1.322825750322627314952000726625680827929e-41 -7.846946882615850049721733145719117379301e-05 -6.884785412032414619858183217292668857211e-05
-33 64 -33 64 0 1 44 32.504847175316286 -1.505711442425097493738843703146523423709e-05 -4.29629221845705540855088756465115742884e-05 -2.241729928128635774134078508282228972892e-05 3.997793493398977327630502483887734596235e-05 0.0 0.0 -2.241729928128635774134078508282228972892e-05 3.997793493398977327630502483887734596235e-05 -1.505711442425097493738843703146523423709e-05 -4.29629221845705540855088756465115742884e-05 0.0 0.0 -2.152394441202919020938848639933311177646e-42 0.0 -2.152394441202919020938848639933311177646e-42 0.0 8.67500650686727058126627977878096402714e-06 -8.215298109039000102507049057592523583545e-05
-49 64 0 1 0 1 44 33.09607043377122 -3.446443691177766481936320348247148131772e-05 -1.114202867174172272979041379036316059802e-05 0.0 0.0 0.0 0.0 -2.869859254937225361251798186577748236862e-42 -2.941605736310655995283093141242191942784e-41 2.375665762281215038405213775624048559878e-05 -7.6212072083347384786630068886019698786e-05 0.0 0.0 6.02670443536817325862877619181327129741e-41 -9.865141188846712179303056266361009564213e-41 0.0 0.0 2.375665762281215038405213775624048559878e-05 -7.6212072083347384786630068886019698786e-05
