11 64 0 1 0 1 26 18.610640958530652 0.4040856713778247154878849698582332049028 0.09110849637857687238109301816805272750331 0.0 -2.938735877055718769921841343055614194547e-39 0.0 0.0 0.0 0.0 -0.1018603987959297413538332266818070308897 0.1555847686719934604206997372187156182786 0.0 0.0 0.0 0.0 0.0 0.0 -0.1018603987959297413538332266818070308897 0.1555847686719934604206997372187156182786
13 64 0 1 0 1 27 24.063634928926646 0.3026289795189292918067737426105099757979 0.09797430330299128466958116657887357559731 5.877471754111437539843682686111228389093e-39 -2.938735877055718769921841343055614194547e-39 0.0 0.0 0.0 0.0 -0.09846349661883121853079369720759414175887 0.1329999687649686853594180409163882960391 0.0 0.0 0.0 0.0 0.0 0.0 -0.09846349661883121853079369720759414175887 0.1329999687649686853594180409163882960391
15 64 0 1 0 1 28 29.4207964087533 0.22244546091046008397559127134607781291 0.1002657502094430095713188108370857147678 -8.81620763116715630976552402916684258364e-39 -8.81620763116715630976552402916684258364e-39 5.877471754111437539843682686111228389093e-39 -8.81620763116715630976552402916684258364e-39 0.0 0.0 -0.09548359563867035464142262374735820622825 0.1114183989437573204198544592609726126062 0.0 0.0 0.0 0.0 0.0 0.0 -0.09548359563867035464142262374735820622825 0.1114183989437573204198544592609726126062
17 64 0 1 0 1 28 34.641429932396825 0.1612160157196960475144585449212251894283 0.09875312707143656010040353313058913510572 5.877471754111437539843682686111228389093e-39 2.938735877055718769921841343055614194547e-39 -5.877471754111437539843682686111228389093e-39 0.0 0.0 0.0 -0.09358285552001826647935594507011073140271 0.09099066611455209681734173930841718487501 0.0 0.0 0.0 0.0 0.0 0.0 -0.09358285552001826647935594507011073140271 0.09099066611455209681734173930841718487501
21 64 0 1 0 1 30 44.67151959490513 0.07962361898555483087337139379796981350176 0.08826603592859613855553706250699150505256 7.346839692639296924804603357639035486367e-40 5.877471754111437539843682686111228389093e-39 2.938735877055718769921841343055614194547e-39 8.81620763116715630976552402916684258364e-39 0.0 0.0 -0.09030852114986725020445593453368570916019 0.05358518851154421156888906033111159498677 0.0 0.0 0.0 0.0 0.0 0.0 -0.09030852114986725020445593453368570916019 0.05358518851154421156888906033111159498677
-11 64 0 1 0 1 26 18.610640958530652 0.4040856713778247154878849698582332049101 0.09110849637857687238109301816805272750331 -3.673419846319648462402301678819517743183e-40 2.938735877055718769921841343055614194547e-39 0.0 0.0 0.0 0.0 -0.1018603987959297413538332266818070308882 0.1555847686719934604206997372187156182786 0.0 0.0 0.0 0.0 0.0 0.0 -0.1018603987959297413538332266818070308882 0.1555847686719934604206997372187156182786
-13 64 0 1 0 1 27 24.063634928926646 0.3026289795189292918067737426105099758053 0.09797430330299128466958116657887357561494 -8.081523661903226617285063693402939035003e-39 4.40810381558357815488276201458342129182e-39 -2.20405190779178907744138100729171064591e-39 0.0 0.0 0.0 -0.09846349661883121853079369720759414174858 0.132999968764968685359418040916388296048 0.0 0.0 0.0 0.0 0.0 0.0 -0.09846349661883121853079369720759414174858 0.132999968764968685359418040916388296048
-15 64 0 1 0 1 28 29.4207964087533 0.2224454609104600839755912713460778128968 0.1002657502094430095713188108370857147678 1.028557556969501569472644470069464968091e-38 8.81620763116715630976552402916684258364e-39 -7.346839692639296924804603357639035486367e-39 7.346839692639296924804603357639035486367e-39 0.0 0.0 -0.09548359563867035464142262374735820623523 0.1114183989437573204198544592609726126062 0.0 0.0 0.0 0.0 0.0 0.0 -0.09548359563867035464142262374735820623523 0.1114183989437573204198544592609726126062
-17 64 0 1 0 1 28 34.641429932396825 0.1612160157196960475144585449212251894342 0.09875312707143656010040353313058913510572 -5.142787784847507847363222350347324840457e-39 -2.20405190779178907744138100729171064591e-39 6.61215572337536723232414302187513193773e-39 7.346839692639296924804603357639035486367e-40 0.0 0.0 -0.09358285552001826647935594507011073139977 0.09099066611455209681734173930841718487354 0.0 0.0 0.0 0.0 0.0 0.0 -0.09358285552001826647935594507011073139977 0.09099066611455209681734173930841718487354
-21 64 0 1 0 1 30 44.67151959490513 0.07962361898555483087337139379796981350543 0.08826603592859613855553706250699150502317 -7.346839692639296924804603357639035486367e-40 -4.775445800215543001122992182465373066138e-39 -2.938735877055718769921841343055614194547e-39 -7.714181677271261771044833525520987260685e-39 0.0 0.0 -0.09030852114986725020445593453368570915799 0.05358518851154421156888906033111159497354 0.0 0.0 0.0 0.0 0.0 0.0 -0.09030852114986725020445593453368570915799 0.05358518851154421156888906033111159497354
