19 64 0 1 0 1 22 31.93233465525905 3.40349434244321080239155671589375647545 0.5480325794126898250898186602928301166411 -9.403954806578300063749892297777965422549e-38 0.0 0.0 4.701977403289150031874946148888982711275e-38 0.0 0.0 -0.8273763160487302808434172043633688816587 0.5215669215388655875698277119531982533752 0.0 0.0 0.0 0.0 0.0 0.0 -0.8273763160487302808434172043633688816587 0.5215669215388655875698277119531982533752
21 64 0 1 0 1 23 38.057914032325776 3.00455375467904206813388935458553812911 0.5421891245327173221517050719009032622565 0.0 0.0 0.0 9.403954806578300063749892297777965422549e-38 0.0 0.0 -0.7461292707351616562688639444216396054707 0.5101034103020646511989846861544145094688 0.0 0.0 0.0 0.0 0.0 0.0 -0.7461292707351616562688639444216396054707 0.5101034103020646511989846861544145094688
23 64 0 1 0 1 23 44.243384951898314 2.633998913430372759925035212271745839439 0.5358124841916059665710828284643200246775 0.0 0.0 0.0 -4.701977403289150031874946148888982711275e-38 0.0 0.0 -0.667200799383634532295917891579352944268 0.4976453412197091766994481287870650582739 0.0 0.0 0.0 0.0 0.0 0.0 -0.667200799383634532295917891579352944268 0.4976453412197091766994481287870650582739
25 64 0 1 0 1 23 50.42266810877616 2.299039672165754441801394683785771202673 0.5289168799610611283434917619584223373186 1.88079096131566001274997845955559308451e-37 -4.701977403289150031874946148888982711275e-38 -9.403954806578300063749892297777965422549e-38 0.0 0.0 0.0 -0.5955865158226522133852236001879031983706 0.4842345132870787258638628989345202438791 0.0 0.0 0.0 0.0 0.0 0.0 -0.5955865158226522133852236001879031983706 0.4842345132870787258638628989345202438791
29 64 0 1 0 1 24 62.5988779010317 1.742828560534496688883242261688842878767 0.5136312009929890221058836052419267245169 0.0 0.0 0.0 0.0 0.0 0.0 -0.4826505841312235834751971079971185878277 0.4547371027097008148851548671998585112558 0.0 0.0 0.0 0.0 0.0 0.0 -0.4826505841312235834751971079971185878277 0.4547371027097008148851548671998585112558
33 64 0 1 0 1 25 74.38563495807257 1.323560120271439872462716812478018900085 0.4964673559964985144610368399375026817294 -4.701977403289150031874946148888982711275e-38 4.701977403289150031874946148888982711275e-38 0.0 0.0 0.0 0.0 -0.4094075239445011064602618413218720066859 0.4220043583466661084459012647339273082839 0.0 0.0 0.0 0.0 0.0 0.0 -0.4094075239445011064602618413218720066859 0.4220043583466661084459012647339273082839
-19 64 0 1 0 1 22 31.93233465525905 3.40349434244321080239155671589375647545 0.5480325794126898250898186602928301166411 5.289724578700293785859314417500105550184e-38 0.0 1.175494350822287507968736537222245677819e-38 -4.701977403289150031874946148888982711275e-38 0.0 0.0 -0.8273763160487302808434172043633688817058 0.5215669215388655875698277119531982533752 0.0 0.0 0.0 0.0 0.0 0.0 -0.8273763160487302808434172043633688817058 0.5215669215388655875698277119531982533752
-21 64 0 1 0 1 23 38.057914032325776 3.00455375467904206813388935458553812911 0.5421891245327173221517050719009032622565 -3.526483052466862523906209611666737033456e-38 0.0 -3.526483052466862523906209611666737033456e-38 -7.052966104933725047812419223333474066912e-38 0.0 0.0 -0.7461292707351616562688639444216396054707 0.5101034103020646511989846861544145094688 0.0 0.0 0.0 0.0 0.0 0.0 -0.7461292707351616562688639444216396054707 0.5101034103020646511989846861544145094688
-23 64 0 1 0 1 23 44.243384951898314 2.633998913430372759925035212271745839627 0.5358124841916059665710828284643200246775 -3.232609464761290646914025477361175614001e-38 0.0 -2.938735877055718769921841343055614194547e-39 4.701977403289150031874946148888982711275e-38 0.0 0.0 -0.6672007993836345322959178915793529441739 0.4976453412197091766994481287870650582269 0.0 0.0 0.0 0.0 0.0 0.0 -0.6672007993836345322959178915793529441739 0.4976453412197091766994481287870650582269
-25 64 0 1 0 1 23 50.42266810877616 2.299039672165754441801394683785771202391 0.5289168799610611283434917619584223373186 -1.561203434685850596520978213498295040853e-37 4.701977403289150031874946148888982711275e-38 5.914205952574634024467705702899423566525e-38 0.0 0.0 0.0 -0.5955865158226522133852236001879031985587 0.4842345132870787258638628989345202438791 0.0 0.0 0.0 0.0 0.0 0.0 -0.5955865158226522133852236001879031985587 0.4842345132870787258638628989345202438791
-29 64 0 1 0 1 24 62.5988779010317 1.742828560534496688883242261688842879002 0.5136312009929890221058836052419267245169 8.81620763116715630976552402916684258364e-39 0.0 5.877471754111437539843682686111228389093e-39 0.0 0.0 0.0 -0.4826505841312235834751971079971185877102 0.4547371027097008148851548671998585112558 0.0 0.0 0.0 0.0 0.0 0.0 -0.4826505841312235834751971079971185877102 0.4547371027097008148851548671998585112558
-33 64 0 1 0 1 25 74.38563495807257 1.323560120271439872462716812478018899756 0.4964673559964985144610368399375026816353 4.701977403289150031874946148888982711275e-38 -4.701977403289150031874946148888982711275e-38 -5.877471754111437539843682686111228389093e-39 0.0 0.0 0.0 -0.4094075239445011064602618413218720068622 0.4220043583466661084459012647339273082134 0.0 0.0 0.0 0.0 0.0 0.0 -0.4094075239445011064602618413218720068622 0.4220043583466661084459012647339273082134
