19 64 0 1 0 1 34 17.58473348960935 0.326719490608023616116809910381818809069 0.5591718359248078972752035282461394952085 -8.228460455756012555781155760555719744731e-38 -2.350988701644575015937473074444491355637e-38 -4.701977403289150031874946148888982711275e-38 0.0 0.0 0.0 -0.4049684171957461938299616370218959698594 0.4170234534524241213831813122984433669417 0.0 0.0 0.0 0.0 0.0 0.0 -0.4049684171957461938299616370218959698594 0.4170234534524241213831813122984433669417
21 64 0 1 0 1 34 20.32485793912153 0.2407182187306641149265658538532316883644 0.5144683752246111292283731966042835232944 0.0 0.0 4.701977403289150031874946148888982711275e-38 -1.175494350822287507968736537222245677819e-38 0.0 0.0 -0.4373034205558998548380244114411610986035 0.3232257742627499256662588982134642002531 0.0 0.0 0.0 0.0 0.0 0.0 -0.4373034205558998548380244114411610986035 0.3232257742627499256662588982134642002531
23 64 0 1 0 1 35 23.001419602326845 0.1621799141620728216152346651629294668515 0.467851779621895453416968576595757357725 0.0 0.0 0.0 -5.877471754111437539843682686111228389093e-38 0.0 0.0 -0.4516194165332965043536482020803967902516 0.2321449451317541231197273107532815648855 0.0 0.0 0.0 0.0 0.0 0.0 -0.4516194165332965043536482020803967902516 0.2321449451317541231197273107532815648855
25 64 0 1 0 1 36 25.60541544396887 0.09297833487332038637990394150495842244877 0.420020605134266525251559731802944845251 3.232609464761290646914025477361175614001e-38 5.877471754111437539843682686111228389093e-38 -6.759092517228153170820235089027912647457e-38 9.403954806578300063749892297777965422549e-38 0.0 0.0 -0.4503165398620673132466258034409797609889 0.1458227621804336366362810216221725352999 0.0 0.0 0.0 0.0 0.0 0.0 -0.4503165398620673132466258034409797609889 0.1458227621804336366362810216221725352999
29 64 0 1 0 1 37 30.60005267636051 -0.01446684043632974596563140797511927596924 0.3238032801761770171491748508126401082099 0.0 -5.877471754111437539843682686111228389093e-39 4.40810381558357815488276201458342129182e-38 1.763241526233431261953104805833368516728e-38 0.0 0.0 -0.4099580604212430231625320828223482962262 -0.005997737722433730755757675911339589305425 0.0 0.0 0.0 0.0 0.0 0.0 -0.4099580604212430231625320828223482962262 -0.005997737722433730755757675911339589305425
33 64 0 1 0 1 39 35.353647740833274 -0.08202825078125349814118954593493282998326 0.2319253551075711362116874139136417752785 8.669270837314370371269431962014061873913e-38 7.640713280344868801796787491944596905821e-38 1.013863877584222975623035263354186897119e-37 -1.763241526233431261953104805833368516728e-38 0.0 0.0 -0.3333545744461004646787588954494822992998 -0.1224009207812283471795219942948678445838 0.0 0.0 0.0 0.0 0.0 0.0 -0.3333545744461004646787588954494822992998 -0.1224009207812283471795219942948678445838
49 64 0 1 0 1 44 53.14484206132512 -0.09355282894935225719200211213997653632208 -0.0125559626650092768216510095899714560532 -2.938735877055718769921841343055614194547e-39 2.277520304718182046689427040868101000774e-38 -5.495436090094194099753843311513998543802e-37 5.987674349501026993715751736475813921389e-38 0.0 0.0 0.04466731721453526613600369658485021803969 -0.2047472215656939753248692116626272446629 0.0 0.0 0.0 0.0 0.0 0.0 0.04466731721453526613600369658485021803969 -0.2047472215656939753248692116626272446629
-19 64 0 1 0 1 34 17.58473348960935 0.3267194906080236161168099103818188091513 0.5591718359248078972752035282461394951556 7.934586868050440678788971626250158325276e-38 1.836709923159824231201150839409758871592e-38 4.701977403289150031874946148888982711275e-38 7.346839692639296924804603357639035486367e-40 0.0 0.0 -0.4049684171957461938299616370218959698065 0.4170234534524241213831813122984433669123 0.0 0.0 0.0 0.0 0.0 0.0 -0.4049684171957461938299616370218959698065 0.4170234534524241213831813122984433669123
-21 64 0 1 0 1 34 20.32485793912153 0.2407182187306641149265658538532316883174 0.5144683752246111292283731966042835231533 -2.938735877055718769921841343055614194547e-39 2.938735877055718769921841343055614194547e-39 -4.40810381558357815488276201458342129182e-38 8.81620763116715630976552402916684258364e-39 0.0 0.0 -0.437303420555899854838024411441161098627 0.3232257742627499256662588982134642001826 0.0 0.0 0.0 0.0 0.0 0.0 -0.437303420555899854838024411441161098627 0.3232257742627499256662588982134642001826
-23 64 0 1 0 1 35 23.001419602326845 0.1621799141620728216152346651629294668045 0.4678517796218954534169685765957573575134 0.0 -4.40810381558357815488276201458342129182e-39 0.0 5.877471754111437539843682686111228389093e-38 0.0 0.0 -0.451619416533296504353648202080396790281 0.2321449451317541231197273107532815647768 0.0 0.0 0.0 0.0 0.0 0.0 -0.451619416533296504353648202080396790281 0.2321449451317541231197273107532815647768
-25 64 0 1 0 1 36 25.60541544396887 0.09297833487332038637990394150495842221367 0.4200206051342665252515597318029448452275 -3.379546258614076585410117544513956323729e-38 -5.877471754111437539843682686111228389093e-38 6.61215572337536723232414302187513193773e-38 -9.403954806578300063749892297777965422549e-38 0.0 0.0 -0.4503165398620673132466258034409797611065 0.1458227621804336366362810216221725352896 0.0 0.0 0.0 0.0 0.0 0.0 -0.4503165398620673132466258034409797611065 0.1458227621804336366362810216221725352896
-29 64 0 1 0 1 37 30.60005267636051 -0.01446684043632974596563140797511927560484 0.3238032801761770171491748508126401082217 0.0 2.938735877055718769921841343055614194547e-39 -4.40810381558357815488276201458342129182e-38 -1.469367938527859384960920671527807097273e-38 0.0 0.0 -0.4099580604212430231625320828223482960469 -0.005997737722433730755757675911339589303221 0.0 0.0 0.0 0.0 0.0 0.0 -0.4099580604212430231625320828223482960469 -0.005997737722433730755757675911339589303221
-33 64 0 1 0 1 39 35.353647740833274 -0.08202825078125349814118954593493283001853 0.231925355107571136211687413913641775637 -8.733555684624964219361472241393403434418e-38 -7.640713280344868801796787491944596905821e-38 -1.010190457737903327160632961675367379375e-37 1.469367938527859384960920671527807097273e-38 0.0 0.0 -0.3333545744461004646787588954494822993145 -0.1224009207812283471795219942948678444031 0.0 0.0 0.0 0.0 0.0 0.0 -0.3333545744461004646787588954494822993145 -0.1224009207812283471795219942948678444031
-49 64 0 1 0 1 44 53.14484206132512 -0.09355282894935225719200211213997653608184 -0.01255596266500927682165100958997145555949 2.938735877055718769921841343055614194547e-39 -2.286703854333981167845432795065149795132e-38 5.510129769479472693603452518229276614775e-37 -5.992266124308926554293754613574338318568e-38 0.0 0.0 0.04466731721453526613600369658485021815522 -0.2047472215656939753248692116626272444176 0.0 0.0 0.0 0.0 0.0 0.0 0.04466731721453526613600369658485021815522 -0.2047472215656939753248692116626272444176
