-7 64 0 1 0 1 21 19.074250331414692 0.003509701438263277298109143496102686760151 0.0003725997573198023451643459622587967287185 0.0 0.0 0.0 0.0 0.0 0.0 -0.001113396491536566947357105009935837394595 0.000354760482007542279326962786295758842702 0.0 0.0 -9.183549615799121156005754197048794357958e-41 -3.443831105924670433502157823893297884234e-41 0.0 0.0 -0.001113396491536566947357105009935837394595 0.000354760482007542279326962786295758842702
-7 64 -3 64 0 1 22 22.126459607689124 0.002699652295191747268245657796761519353207 0.0003660770923573265946324585422983110777034 0.001359106738271129961656561590809477800246 7.597982559303280744863011109232549191667e-06 0.0 0.0 0.001359106738271129961656561590809477800188 7.597982559303280744863011109232549168708e-06 -0.0006165120004667970138153842355364124509517 0.0003516051142427209450341531116674886276856 0.0 0.0 0.0 0.0 4.591774807899560578002877098524397178979e-41 0.0 -0.0009448060078416129253543363091335115805074 0.0003483489215999169265155159651058952183469
-9 64 0 1 0 1 22 27.826033711291764 0.002047898817134921811711603524577845806369 0.0003610778866896503510830298512100069619776 0.0 0.0 0.0 0.0 2.29588740394978028900143854926219858949e-41 0.0 -0.0006088976070203824471710431173593979862828 0.0003322374549620074014434747068197746814853 0.0 0.0 2.29588740394978028900143854926219858949e-41 -2.29588740394978028900143854926219858949e-41 0.0 0.0 -0.0006088976070203824471710431173593979862828 0.0003322374549620074014434747068197746814853
-9 64 -3 64 0 1 23 30.114691070176477 0.001652697591196586319974669257403360630912 0.0003546989206728223717977824438481207291022 0.0006793123397256796289943058846050358702108 9.553548450914082494355927728420916497005e-06 0.0 0.0 0.0006793123397256796289943058846050358703601 9.553548450914082494355927728420916462567e-06 -0.0003636238008672994489366929688045991479789 0.0003292234411697756711515708672686062093246 0.0 0.0 0.0 0.0 -2.29588740394978028900143854926219858949e-41 0.0 -0.0005434801589253288894352839426710108427182 0.0003260390102061587039766272677518701517476
-7 64 -7 64 0 1 23 32.20963711482308 0.0005921020970716050669568815061729119416382 0.0003378197261493782296250923360583115606817 0.001167581026466625587165590030790656960912 1.724129511379461441501972132824016099399e-05 0.0 0.0 0.001167581026466625587165590030790656960912 1.724129511379461441501972132824016099399e-05 0.0005921020970716050669568815061729119416382 0.0003378197261493782296250923360583115606817 0.0 0.0 0.0 0.0 1.147943701974890144500719274631099294745e-41 2.29588740394978028900143854926219858949e-41 -0.0005028968764185960373863233795184530862296 0.0003205788836141214770708385512760854461731
-11 64 0 1 0 1 23 36.443030114170575 0.001271769812725430737162824283079849652539 0.0003470324976448634149235191430465690587828 0.0 0.0 0.0 0.0 0.0 0.0 -0.0003823221594470217316526009920842432381099 0.0003051383950271035928642219505022006976492 0.0 0.0 0.0 0.0 0.0 0.0 -0.0003823221594470217316526009920842432381099 0.0003051383950271035928642219505022006976492
-11 64 -3 64 0 1 24 38.22351292225381 0.001077526650133194349574231323903487890433 0.0003408296968264707908655535807507685003474 0.0003758169523379196192062276391568912878587 1.135398384538521908338847279299788519528e-05 0.0 0.0 0.0003758169523379196192062276391568912879103 1.135398384538521908338847279299788525268e-05 -0.0002657134396912327120657675699704739541696 0.0003022959446297771933460260584148014045849 0.0 0.0 -1.147943701974890144500719274631099294745e-41 0.0 -1.721915552962335216751078911946648942117e-41 0.0 -0.0003576725916334659683710924374996413200927 0.0002991994882486830813836451998328793752685
-9 64 -9 64 0 1 25 43.903899971421495 0.0002974240430289585580711576569338113714909 0.0003057923289714371479011170071552813833912 0.0006081505007984163848739344980025843829659 2.724769832406460605250343117113710194591e-05 0.0 0.0 0.0006081505007984163848739344980025843829659 2.724769832406460605250343117113710194591e-05 0.0002974240430289585580711576569338113714909 0.0003057923289714371479011170071552813833912 0.0 0.0 -2.29588740394978028900143854926219858949e-41 -4.591774807899560578002877098524397178979e-41 0.0 -3.443831105924670433502157823893297884234e-41 -0.0002981747607837630288331431263696228195258 0.0002785453579239947450089319082435273835179
-13 64 0 1 0 1 24 44.75301575880292 0.0008343007632039410821815897041713542533116 0.0003306903564568184586168326018006633708155 0.0 0.0 1.434929627468612680625899093288874118431e-42 0.0 2.29588740394978028900143854926219858949e-41 0.0 -0.0002848900673660659161226361757652257180445 0.0002741221709102313347826769928276514929909 0.0 0.0 1.147943701974890144500719274631099294745e-41 0.0 0.0 0.0 -0.0002848900673660659161226361757652257180445 0.0002741221709102313347826769928276514929909
-13 64 -3 64 0 1 25 46.17730603916896 0.0007315620934292474329511949760125457108638 0.0003246939701640491725944477811931670077254 0.0002272512341585532880119737914066529262281 1.297166121835895230936788225843725319793e-05 0.0 0.0 0.0002272512341585532880119737914066529263486 1.297166121835895230936788225843725312905e-05 -0.0002262484391681314585432539342369327919202 0.0002714782498213575754670514196110829047817 0.0 0.0 0.0 0.0 1.434929627468612680625899093288874118431e-41 0.0 -0.0002758278595431336498402593782338580138366 0.0002684848735761528316069109770008597970129
